11.077836036682129
8.884308815002441
9.876043319702148
4.202035903930664
5.718573570251465
4.594869613647461
8.351816177368164
5.368882179260254
6.474980354309082
11.9639892578125
7.457508087158203
6.309780120849609
9.099223136901855
7.9854912757873535
8.913893699645996
7.0189008712768555
6.345256328582764
9.250292778015137
10.56371784210205
5.521074295043945
7.271419525146484
9.33792495727539
7.9804229736328125
6.76261043548584
5.95502233505249
7.3257832527160645
8.480995178222656
9.49880313873291
8.166130065917969
8.001529693603516
7.059000492095947
6.667384147644043
8.325186729431152
9.949111938476562
6.3934454917907715
5.645842552185059
7.902825832366943
7.294872283935547
11.260547637939453
6.0738091468811035
8.287373542785645
6.374755859375
9.884490966796875
7.275267124176025
9.182268142700195
9.204689025878906
9.0219144821167
5.745790481567383
5.432945251464844
6.460533142089844
9.361912727355957
5.140153408050537
4.599531650543213
8.577787399291992
7.837637424468994
7.040157318115234
5.661666393280029
7.2812347412109375
5.953185081481934
6.958967208862305
9.8742094039917
8.199761390686035
6.913918972015381
9.64825439453125
11.731060028076172
8.689353942871094
9.361623764038086
6.647633075714111
8.621027946472168
6.0265398025512695
6.926907539367676
8.033304214477539
9.980050086975098
8.100912094116211
6.483450889587402
8.533451080322266
8.317456245422363
7.982814788818359
7.977437496185303
5.1634321212768555
10.681764602661133
5.312467575073242
6.352998733520508
6.216285705566406
7.314377307891846
5.169384956359863
4.897611141204834
7.02881383895874
6.091609954833984
9.966699600219727
10.987401962280273
7.013214588165283
7.568010330200195
8.786667823791504
8.844088554382324
8.066495895385742
7.470318794250488
5.919384956359863
9.035344123840332
9.444733619689941
6.250507831573486
7.457070350646973
8.192425727844238
6.0641350746154785
8.384676933288574
9.19063949584961
8.97378158569336
8.56989860534668
5.8593926429748535
7.080946445465088
5.679789066314697
5.170048236846924
8.713658332824707
5.896385192871094
7.679601192474365
10.994683265686035
9.963676452636719
13.69180965423584
7.638591766357422
9.101417541503906
9.72628402709961
9.616157531738281
5.2620720863342285
7.132030487060547
5.985752105712891
10.676874160766602
6.62248420715332
4.518061637878418
5.63427734375
7.701000690460205
7.16693115234375
9.658722877502441
5.9885053634643555
7.45499849319458
9.088468551635742
7.498227119445801
9.568095207214355
6.497164726257324
6.702093124389648
5.902142524719238
7.660368919372559
8.046070098876953
6.326482772827148
5.487958908081055
5.260880947113037
6.865908145904541
7.1474199295043945
8.441637992858887
5.927475929260254
6.53481912612915
5.57995080947876
7.527565002441406
8.541471481323242
6.718311786651611
4.856863975524902
5.241283416748047
6.64690637588501
9.016377449035645
7.176692962646484
8.349868774414062
7.6276350021362305
6.602824687957764
7.146108150482178
6.338789939880371
8.052106857299805
6.75297212600708
5.700284004211426
8.886764526367188
8.415166854858398
7.095804214477539
11.434944152832031
5.088175296783447
5.7106242179870605
5.571640968322754
7.637729644775391
4.527314186096191
10.332470893859863
9.602657318115234
6.003884315490723
7.516539573669434
6.012411594390869
6.767341136932373
6.831790447235107
6.584865093231201
5.836217403411865
6.527707576751709
5.2893500328063965
6.344542026519775
7.9936842918396
6.027379035949707
7.7823357582092285
5.343883037567139
7.344797611236572
7.695785045623779
6.290996551513672
7.39500093460083
6.1499505043029785
12.310027122497559
6.317276954650879
4.932882308959961
7.797854423522949
5.5183820724487305
5.57616662979126
5.454212188720703
10.619704246520996
5.5832014083862305
5.874859809875488
6.44228458404541
7.31043004989624
4.842851638793945
5.277685642242432
5.260173797607422
8.743966102600098
5.543875694274902
7.017795562744141
6.858997344970703
6.795821666717529
7.317449569702148
6.243518352508545
5.575192451477051
5.987094879150391
11.581040382385254
7.722032070159912
5.63617467880249
8.428370475769043
5.812348365783691
7.645797252655029
7.9239301681518555
6.352059841156006
7.457514762878418
5.071933746337891
9.21337604522705
7.453639984130859
7.744614601135254
7.030555248260498
5.3396782875061035
6.181203842163086
6.701975345611572
5.541133880615234
7.120830535888672
10.427497863769531
4.8540940284729
5.993320465087891
11.089614868164062
4.973940849304199
5.842477798461914
9.255289077758789
5.91067361831665
5.6524553298950195
5.691856861114502
9.774250984191895
6.6495466232299805
12.037799835205078
5.480189800262451
5.1341872215271
5.7384352684021
6.573627471923828
6.258872032165527
5.555267333984375
8.180283546447754
6.516878604888916
6.311887741088867
5.366694927215576
6.781765937805176
8.162527084350586
6.658029556274414
5.4175333976745605
6.609388828277588
7.686246395111084
6.6203999519348145
6.990289211273193
4.450942516326904
6.851357936859131
8.210980415344238
7.561080455780029
7.985067367553711
4.559241771697998
6.595879077911377
5.703493595123291
6.838258743286133
7.329815864562988
8.704968452453613
4.4587178230285645
7.354554653167725
7.195679664611816
9.796764373779297
9.942593574523926
6.270719528198242
10.086325645446777
5.75279426574707
5.641474723815918
6.144354820251465
5.860188961029053
11.382597923278809
6.509182929992676
7.998360633850098
8.258607864379883
7.246419906616211
5.242440223693848
6.794555187225342
5.823668479919434
5.1354079246521
4.066436767578125
6.156669616699219
7.591452598571777
9.969483375549316
6.26937198638916
8.929938316345215
5.205775737762451
6.177403926849365
6.865365505218506
9.918299674987793
6.965312480926514
8.570865631103516
10.960680961608887
8.762017250061035
9.332832336425781
5.4222564697265625
11.940505981445312
8.941092491149902
5.64497184753418
8.11559009552002
6.297097206115723
8.61880111694336
8.291796684265137
5.892111778259277
7.5801873207092285
5.27290153503418
6.382477760314941
6.6064300537109375
6.393373966217041
9.847356796264648
6.529456615447998
7.646178722381592
7.197678089141846
6.001204013824463
7.839975357055664
7.0668559074401855
8.564656257629395
9.613266944885254
7.239354610443115
4.541879177093506
6.856975555419922
7.328595161437988
5.698285102844238
9.042746543884277
6.113650321960449
7.0997700691223145
8.188684463500977
5.148378372192383
5.265993118286133
10.679637908935547
6.357504367828369
7.26442813873291
6.180844783782959
6.660333156585693
8.420607566833496
6.334957599639893
9.741853713989258
8.873416900634766
7.250207901000977
4.751104831695557
9.4974365234375
5.292060852050781
6.593817710876465
7.7655029296875
8.407182693481445
5.629271984100342
4.279294013977051
9.259854316711426
5.701223850250244
5.419567584991455
7.511542320251465
7.337806701660156
6.858419418334961
6.458273887634277
7.999905586242676
6.34403133392334
8.959997177124023
7.232931613922119
6.282397270202637
6.945475101470947
8.876982688903809
5.852705478668213
8.512782096862793
10.666807174682617
8.08351993560791
5.552820205688477
5.714625358581543
4.361501693725586
6.435074329376221
5.9125261306762695
6.502034664154053
9.345039367675781
7.769197463989258
6.489323616027832
7.803844451904297
6.655027866363525
6.030519008636475
8.643324851989746
11.234329223632812
5.242486953735352
7.659811019897461
8.775774955749512
8.61621379852295
4.959178447723389
10.862780570983887
7.45229959487915
7.13297700881958
5.798449993133545
7.4347052574157715
5.303792953491211
7.722197532653809
8.90811538696289
7.845399856567383
6.6902689933776855
6.6965484619140625
5.829565048217773
6.503176212310791
6.6011962890625
10.753680229187012
5.023489952087402
9.448481559753418
10.339674949645996
7.350694179534912
5.086050033569336
8.436952590942383
5.561172008514404
6.0131306648254395
7.651411533355713
6.07403564453125
9.160637855529785
6.766521453857422
11.544961929321289
6.301860332489014
7.6209893226623535
7.600991725921631
5.8287353515625
10.442593574523926
5.6046271324157715
7.1533355712890625
9.260141372680664
7.907562732696533
9.162151336669922
10.376523971557617
7.6283860206604
6.995077610015869
7.136561870574951
9.118034362792969
5.525128364562988
8.065319061279297
5.374272346496582
6.7647175788879395
9.97269344329834
11.640604019165039
8.153668403625488
4.845370292663574
5.276806354522705
7.570934295654297
6.426374912261963
9.753686904907227
4.728939056396484
5.209266185760498
8.129373550415039
5.601810455322266
7.256870746612549
8.896042823791504
7.0877251625061035
5.458137512207031
7.924920558929443
7.050614833831787
7.326357364654541
6.393210411071777
8.933577537536621
8.098082542419434
5.7093353271484375
5.410578727722168
9.39578628540039
8.329949378967285
9.78641414642334
6.931999683380127
6.668243885040283
8.73311996459961
10.305891990661621
4.791433334350586
7.448937892913818
5.5929388999938965
8.213301658630371
6.817775726318359
10.15771198272705
10.831171989440918
5.14502477645874
8.625983238220215
8.223857879638672
9.155668258666992
4.182188510894775
7.893754482269287
11.599111557006836
4.982569694519043
8.229482650756836
5.136935710906982
7.1809515953063965
6.511101722717285
6.484066963195801
8.91091537475586
9.232344627380371
8.521944999694824
7.664647579193115
4.818288803100586
5.559268474578857
5.665698051452637
6.281331539154053
5.978538513183594
7.920630931854248
6.3216753005981445
6.5632147789001465
4.5384697914123535
5.836896896362305
4.834757328033447
8.173013687133789
6.741927146911621
5.864041805267334
6.748319625854492
6.315955638885498
7.476612091064453
8.943291664123535
8.567984580993652
7.653738021850586
6.828874588012695
6.630373001098633
5.246201038360596
6.230860233306885
6.504067897796631
7.553564071655273
5.399659156799316
5.791940689086914
7.642746925354004
6.4462199211120605
8.002161979675293
12.135259628295898
8.366900444030762
11.168299674987793
6.5529069900512695
7.060041904449463
9.281455993652344
5.147162437438965
6.849123001098633
6.230080604553223
8.787971496582031
7.996538162231445
6.177506923675537
5.961683750152588
11.066757202148438
8.662345886230469
8.023399353027344
6.6430535316467285
6.990822792053223
10.729375839233398
7.628260612487793
7.251280784606934
6.354926586151123
8.946202278137207
6.104366779327393
9.20920181274414
10.468504905700684
7.881526947021484
5.105586051940918
8.111495018005371
13.207307815551758
7.619076728820801
7.110692024230957
8.390039443969727
7.108055114746094
7.400140285491943
6.068400859832764
5.9676666259765625
7.496582984924316
6.977088451385498
6.841124057769775
6.586060047149658
5.866095542907715
7.442456245422363
5.7405619621276855
5.241106986999512
7.609130859375
6.385419845581055
8.532306671142578
5.444077491760254
9.098210334777832
10.096149444580078
6.308992862701416
10.362295150756836
5.674806118011475
7.246495246887207
5.756847858428955
11.386815071105957
6.907885551452637
5.505890369415283
4.114502906799316
8.49324893951416
6.679376602172852
5.231929302215576
9.328454971313477
5.598329067230225
9.279647827148438
6.395362377166748
8.017395973205566
5.822443008422852
10.102828979492188
8.12153434753418
7.794230937957764
6.279514312744141
5.049615859985352
8.579957962036133
7.160061359405518
8.168707847595215
5.758482933044434
5.222099781036377
7.154393196105957
5.696411609649658
8.40041446685791
10.18791389465332
5.714780330657959
7.364095687866211
9.9173002243042
8.283801078796387
7.5346245765686035
6.440511226654053
6.245387077331543
9.07734489440918
8.385703086853027
11.077836036682129
9.765850067138672
6.551647663116455
7.284078598022461
4.372126579284668
7.983677387237549
4.970944404602051
9.158955574035645
4.548355579376221
10.79047679901123
9.881559371948242
7.594524383544922
11.528082847595215
11.518122673034668
10.78961181640625
7.076987266540527
8.798324584960938
10.759297370910645
6.2380876541137695
6.904998302459717
8.40002155303955
4.939661979675293
10.731213569641113
12.122068405151367
6.46756649017334
5.865087509155273
8.947912216186523
6.941230773925781
7.660982608795166
6.267907619476318
6.626077175140381
6.132912635803223
9.419036865234375
7.279205322265625
6.825617790222168
7.848963737487793
6.7324347496032715
5.076984882354736
7.3602776527404785
6.945253849029541
6.158755779266357
7.6552205085754395
8.84584903717041
9.47179889678955
14.188616752624512
7.842399597167969
6.363558769226074
5.5961480140686035
6.462257385253906
7.728244781494141
5.316640377044678
6.70704984664917
7.713474750518799
5.076023578643799
8.321308135986328
11.443428039550781
8.577022552490234
8.277567863464355
6.598629474639893
6.044878959655762
7.045187473297119
6.3808274269104
5.643546104431152
9.312494277954102
9.004777908325195
6.067314147949219
9.053613662719727
5.270389080047607
7.792498588562012
6.4554443359375
7.599037170410156
7.9793195724487305
6.0529704093933105
8.930696487426758
10.33388614654541
7.3943986892700195
10.385167121887207
9.270188331604004
7.408631324768066
5.633008003234863
5.771881580352783
10.790667533874512
8.732314109802246
4.7823638916015625
5.822906970977783
7.993434906005859
5.152957439422607
6.466562271118164
6.288021087646484
7.25846004486084
5.617156028747559
10.035866737365723
10.5769624710083
8.055742263793945
8.020221710205078
8.778380393981934
7.486846923828125
12.353663444519043
7.333216190338135
4.767683982849121
7.840476036071777
7.489029407501221
7.506741046905518
8.1508207321167
8.767997741699219
7.247137546539307
7.034821033477783
5.664427280426025
6.629552841186523
8.988441467285156
7.248221397399902
5.4034929275512695
6.194612503051758
8.003530502319336
7.100052356719971
6.079740047454834
10.438838958740234
7.786217212677002
6.456528186798096
8.855386734008789
8.024481773376465
8.278168678283691
5.882731914520264
11.283784866333008
6.85791015625
8.05804443359375
10.674297332763672
8.079266548156738
6.334566593170166
8.316384315490723
7.138553619384766
10.49142074584961
6.830724239349365
6.731082916259766
13.028486251831055
9.341670036315918
8.397595405578613
5.920542240142822
7.232331275939941
9.523773193359375
6.6187639236450195
11.84667682647705
6.726943016052246
6.797138690948486
11.219980239868164
6.1677327156066895
12.806557655334473
7.903290271759033
6.729763507843018
6.313290596008301
9.18544864654541
5.562390327453613
7.436461925506592
8.28017807006836
6.699197292327881
9.650684356689453
10.120347023010254
7.343570232391357
4.9792094230651855
6.9557037353515625
11.712364196777344
5.273162364959717
6.169713497161865
9.698710441589355
6.888366222381592
6.271291732788086
6.759856700897217
7.069488048553467
5.592509746551514
5.795801162719727
11.71514892578125
7.122822284698486
7.3698530197143555
8.422231674194336
11.243782997131348
7.457667827606201
9.84213638305664
10.315987586975098
7.288540840148926
7.628100872039795
6.825680255889893
8.037631034851074
9.332707405090332
4.088278293609619
5.296452045440674
7.779323101043701
8.12436294555664
6.655592918395996
8.897161483764648
6.007857799530029
8.301923751831055
6.293951034545898
7.778459548950195
8.235411643981934
7.077871322631836
5.009464263916016
8.018718719482422
9.948395729064941
8.792269706726074
7.4470086097717285
6.6301093101501465
5.191962718963623
8.138087272644043
10.741847038269043
4.64028263092041
7.200193405151367
10.689702987670898
5.684866428375244
6.566845417022705
9.053680419921875
4.759259223937988
6.166438579559326
9.836899757385254
6.334047317504883
4.636355876922607
6.508441925048828
8.86151123046875
9.976069450378418
6.857645511627197
5.010970592498779
7.99855375289917
6.72821569442749
12.726249694824219
5.125314712524414
11.681266784667969
6.452042102813721
6.16657829284668
7.653383255004883
7.70847225189209
6.95114278793335
5.57780122756958
5.055761814117432
5.816658020019531
4.890347957611084
5.090300559997559
5.307533264160156
5.999767303466797
5.408906936645508
5.480756759643555
7.625953197479248
5.211052894592285
6.872014045715332
11.727311134338379
7.2951178550720215
7.85936164855957
8.5093994140625
5.254344940185547
5.660356521606445
10.86875057220459
8.395369529724121
6.176325798034668
9.682344436645508
7.408743381500244
5.700753211975098
7.060370445251465
7.904531478881836
9.108137130737305
7.043054580688477
6.264421463012695
7.831475734710693
6.234884262084961
8.48269271850586
6.537444114685059
9.069384574890137
4.815546035766602
6.834120273590088
7.0873613357543945
6.9786858558654785
6.316958427429199
6.157487392425537
7.972824573516846
5.5007476806640625
5.931669235229492
8.989620208740234
8.926684379577637
7.567066669464111
6.361843109130859
6.459362506866455
6.525437355041504
7.718202114105225
6.199593544006348
7.351953029632568
6.672265529632568
6.330935001373291
7.817701816558838
5.522499084472656
9.17467212677002
6.621453285217285
9.488183975219727
6.473953723907471
9.347734451293945
8.469804763793945
7.091447353363037
16.16208267211914
5.833665370941162
11.371828079223633
6.860594272613525
6.991438388824463
7.008803367614746
8.23492431640625
6.633297920227051
7.640324115753174
5.242334365844727
6.334297180175781
7.9468817710876465
4.663188457489014
7.186245918273926
7.144235134124756
9.588534355163574
6.10545015335083
8.913939476013184
7.623526096343994
6.711615562438965
7.467848777770996
8.926549911499023
6.523765563964844
8.346153259277344
10.03402328491211
7.225744247436523
8.406974792480469
6.626136779785156
5.511064529418945
5.7276153564453125
9.284168243408203
9.874156951904297
6.512516975402832
9.287388801574707
8.831451416015625
8.648576736450195
8.040864944458008
7.593547821044922
5.668194770812988
7.377452850341797
6.666469573974609
8.983315467834473
6.474099159240723
5.497708320617676
5.531005859375
10.718253135681152
6.657198905944824
5.919919490814209
6.944294452667236
9.323394775390625
9.182915687561035
8.943597793579102
6.765119552612305
9.076623916625977
8.734781265258789
4.7960381507873535
6.444575786590576
7.6700944900512695
4.346260070800781
7.565484046936035
5.171054363250732
9.456560134887695
12.547325134277344
6.529770851135254
8.539857864379883
5.236347198486328
6.547224044799805
9.759381294250488
8.305261611938477
10.043546676635742
6.833883285522461
7.843381881713867
7.538822174072266
8.773077964782715
4.052287578582764
8.333429336547852
6.981963634490967
8.128323554992676
7.395822525024414
5.521523952484131
7.342190742492676
7.481917381286621
7.1499924659729
5.360384464263916
5.423499584197998
6.08377742767334
4.155791282653809
8.4356050491333
6.306339263916016
6.627431869506836
6.71302604675293
6.554805755615234
8.382163047790527
6.595315456390381
7.298924446105957
6.80776309967041
5.187826156616211
6.277579307556152
8.261764526367188
10.001468658447266
5.6534342765808105
8.333734512329102
6.373847007751465
6.137452602386475
6.039277076721191
6.522768497467041
8.644694328308105
9.080902099609375
6.164871692657471
7.862611770629883
7.601024627685547
8.730006217956543
6.074623107910156
12.271724700927734
4.6130547523498535
6.432302474975586
6.218560218811035
11.775510787963867
6.940357685089111
10.773296356201172
5.65034294128418
8.311835289001465
10.660554885864258
7.362579345703125
7.068471908569336
10.608264923095703
7.031966686248779
5.9995341300964355
5.967101573944092
5.407079219818115
5.994321823120117
11.137635231018066
6.335704803466797
6.509182929992676
7.044232368469238
9.743758201599121
10.919414520263672
7.784151077270508
6.357438087463379
8.644906997680664
7.47953462600708
8.379203796386719
7.288524627685547
5.6653642654418945
7.557753086090088
8.223050117492676
8.467325210571289
7.850383758544922
8.65028190612793
9.274991989135742
8.00725269317627
8.445477485656738
6.3612284660339355
10.97860050201416
11.420878410339355
6.810370922088623
9.100370407104492
10.15922737121582
6.845183372497559
9.858209609985352
8.508883476257324
6.199878692626953
8.486845016479492
7.512878894805908
9.44276237487793
12.992927551269531
7.819713115692139
6.886941909790039
6.217896938323975
6.793886661529541
6.036815643310547
10.031537055969238
5.315845012664795
7.739689350128174
8.831137657165527
7.831052303314209
9.165739059448242
9.567049026489258
7.919958591461182
12.263638496398926
6.940392017364502
5.0118207931518555
7.3379950523376465
6.928432941436768
6.876796722412109
7.975164890289307
7.92999792098999
9.20274829864502
7.122100353240967
10.077651023864746
5.361749172210693
5.949743270874023
4.86400842666626
7.311335563659668
6.486044883728027
7.9237446784973145
7.944824695587158
10.546198844909668
7.244170188903809
11.078516960144043
7.1581034660339355
12.370460510253906
7.509682655334473
6.793003082275391
8.630568504333496
7.450323104858398
9.664908409118652
6.098273277282715
7.514125823974609
5.636609077453613
7.140571594238281
6.089423656463623
7.581959247589111
9.286768913269043
6.808663845062256
5.39198637008667
9.669649124145508
9.710443496704102
9.734550476074219
8.480063438415527
6.629181861877441
5.595189094543457
7.5984601974487305
10.039305686950684
7.606539726257324
8.71162223815918
8.239655494689941
7.824731349945068
8.161407470703125
10.074893951416016
10.17183780670166
9.476765632629395
7.896280288696289
5.9371466636657715
6.97506856918335
6.649787425994873
5.930734634399414
6.668810844421387
11.519181251525879
9.081982612609863
8.867072105407715
10.572549819946289
7.114307403564453
7.660157203674316
9.91964054107666
7.476866722106934
7.770162105560303
6.843750476837158
7.086764812469482
5.893085956573486
8.791189193725586
6.107574462890625
7.139204025268555
6.786684036254883
6.127645969390869
6.423222541809082
5.192474365234375
5.0632476806640625
10.279234886169434
14.912208557128906
5.422441482543945
9.52591609954834
7.593119144439697
7.271734714508057
4.438354015350342
5.210432052612305
4.9685468673706055
5.5261993408203125
9.281804084777832
9.165266036987305
8.037158966064453
13.304952621459961
5.869994640350342
4.551427841186523
9.497786521911621
4.94208288192749
7.582047462463379
6.14802360534668
7.444336891174316
5.044468402862549
8.584005355834961
8.426445007324219
6.724879264831543
5.880792617797852
4.93110990524292
7.398290634155273
10.050220489501953
5.888725757598877
10.096720695495605
8.514387130737305
6.739782333374023
7.050584316253662
7.4733967781066895
7.637116432189941
6.345058441162109
7.935297966003418
12.598994255065918
6.835719108581543
8.74910831451416
6.942910194396973
8.354402542114258
9.243841171264648
6.45063591003418
7.535132884979248
9.323545455932617
6.538591384887695
5.220922946929932
9.797367095947266
7.546813011169434
8.529583930969238
9.646135330200195
6.572700023651123
11.292669296264648
10.582625389099121
10.13167953491211
7.0893144607543945
6.930711269378662
6.180392265319824
6.5317230224609375
10.478379249572754
3.4950623512268066
9.133151054382324
10.307504653930664
6.435606002807617
5.625985145568848
9.49327278137207
4.911290645599365
7.7342000007629395
9.98776912689209
4.457151889801025
9.325481414794922
7.234307289123535
6.058545112609863
6.842911720275879
6.930272102355957
6.295721054077148
6.526743412017822
8.666455268859863
4.266501426696777
5.9024338722229
7.369272708892822
9.540407180786133
7.858896255493164
7.813548564910889
10.368511199951172
7.486674785614014
5.92079496383667
7.843210220336914
7.260053634643555
10.70166301727295
5.778242111206055
6.798220157623291
8.638250350952148
4.889359951019287
7.365084171295166
5.38167667388916
5.1607255935668945
7.956825256347656
7.868191242218018
9.065849304199219
6.877651214599609
8.518277168273926
6.024637699127197
7.1533942222595215
5.8125104904174805
8.608312606811523
5.281237602233887
6.9752302169799805
6.001204013824463
4.8323774337768555
9.442594528198242
8.708507537841797
6.751654624938965
10.67646598815918
7.288369655609131
4.974486827850342
7.314483165740967
4.963108062744141
6.748682498931885
10.060906410217285
8.205402374267578
7.093653678894043
5.904587745666504
6.909914016723633
8.329378128051758
7.60214900970459
7.64462423324585
8.469054222106934
8.220549583435059
9.49673843383789
6.291082382202148
13.817164421081543
6.4876251220703125
4.993549346923828
6.7842512130737305
8.70433521270752
7.788742542266846
8.95362377166748
8.931951522827148
7.923725128173828
5.378321647644043
7.903377056121826
4.536100387573242
6.399080276489258
9.364786148071289
6.994167327880859
4.476555347442627
8.397130966186523
7.327278137207031
6.790151119232178
7.126523494720459
6.102456569671631
6.688260555267334
5.846402168273926
9.157288551330566
5.87248420715332
6.2000298500061035
8.377725601196289
9.606980323791504
7.258841037750244
10.035189628601074
8.603815078735352
5.869961738586426
8.444113731384277
5.778425216674805
8.673670768737793
8.236230850219727
9.188128471374512
7.978614807128906
9.303937911987305
7.814857006072998
6.191410064697266
6.781603813171387
6.191036224365234
6.8405585289001465
7.905005931854248
6.895730972290039
10.648383140563965
7.801891803741455
6.209575176239014
7.390900135040283
11.123493194580078
6.287537574768066
6.9968719482421875
6.196333885192871
11.941736221313477
12.339509010314941
8.718156814575195
6.1127214431762695
7.548368453979492
9.878198623657227
5.394824981689453
7.468208312988281
5.983489990234375
4.891025543212891
4.942320823669434
4.664486885070801
11.765917778015137
5.322860240936279
4.930489540100098
6.396915912628174
6.6945271492004395
5.453866004943848
6.775167942047119
7.320169448852539
8.097565650939941
5.214169502258301
8.200730323791504
9.247721672058105
5.08125114440918
6.553225994110107
6.095346927642822
12.93380355834961
5.808444499969482
5.809529781341553
9.978619575500488
8.598163604736328
5.596728324890137
6.607251167297363
5.999497413635254
6.028600215911865
7.578570365905762
10.356554985046387
8.026845932006836
6.914841651916504
5.824817180633545
8.245580673217773
8.062784194946289
5.840732574462891
7.070753574371338
4.680751800537109
7.845547199249268
8.496414184570312
8.235177040100098
10.946127891540527
6.22586727142334
7.7440948486328125
6.188053131103516
6.154815673828125
11.812545776367188
6.044630527496338
5.994120121002197
5.125423431396484
6.74677038192749
7.541227340698242
5.982662200927734
5.723188400268555
4.635738849639893
10.871134757995605
10.287590980529785
6.0099382400512695
5.65833854675293
6.895212173461914
9.500866889953613
5.183732509613037
6.724960803985596
6.629620552062988
6.378347873687744
6.95634126663208
7.467931270599365
10.934873580932617
6.73148775100708
7.982499599456787
11.533345222473145
7.162740230560303
6.672737121582031
7.674950122833252
10.037496566772461
7.197254180908203
11.099802017211914
6.711914539337158
6.156177997589111
6.821684837341309
5.005760669708252
6.205759048461914
6.5220441818237305
6.157986164093018
6.528441429138184
5.494710922241211
11.2074556350708
8.413810729980469
5.516169548034668
5.920266628265381
10.585000038146973
6.6761040687561035
6.311193466186523
8.382372856140137
5.164206504821777
4.309130668640137
6.724928855895996
6.153639793395996
6.6595916748046875
8.09922981262207
6.1918206214904785
11.624626159667969
6.7240800857543945
7.031662464141846
9.055821418762207
7.1760430335998535
6.7617411613464355
7.759151935577393
5.424256324768066
8.604483604431152
6.35963773727417
8.779322624206543
6.766390323638916
7.222482681274414
6.658609390258789
8.073176383972168
11.44732666015625
11.239320755004883
6.39884090423584
7.343011379241943
9.197522163391113
5.335579872131348
6.052549839019775
5.983044624328613
7.34758996963501
6.7658867835998535
12.26732063293457
4.977919578552246
6.813738822937012
9.067806243896484
8.018146514892578
11.84626579284668
11.430475234985352
13.010597229003906
7.118520259857178
6.758643627166748
5.875801086425781
9.8512601852417
6.428007125854492
9.152002334594727
6.057703495025635
8.04442310333252
7.3935770988464355
5.397973537445068
5.708126068115234
8.800823211669922
5.089550971984863
8.027091026306152
11.785049438476562
4.977272987365723
6.859059810638428
5.9007568359375
5.774397373199463
7.850271224975586
8.497249603271484
5.611732482910156
8.181585311889648
6.781935691833496
6.684792995452881
6.184240818023682
6.947454929351807
8.060553550720215
6.9576921463012695
6.715896129608154
10.980619430541992
7.010264873504639
6.866473197937012
5.515597343444824
6.7977070808410645
5.018470287322998
5.104788780212402
9.159778594970703
9.665534019470215
8.19747543334961
7.3840861320495605
7.859383583068848
5.091137886047363
7.575889587402344
4.540171146392822
7.986588478088379
7.540400981903076
6.850748062133789
4.375157833099365
7.250207901000977
5.136150360107422
4.566251754760742
9.423849105834961
5.235008239746094
5.467133522033691
6.084717273712158
6.728098392486572
4.94910192489624
4.512996196746826
8.523282051086426
11.078577041625977
8.922815322875977
5.9803595542907715
5.510370254516602
6.974318981170654
4.623857021331787
7.370940685272217
5.90383768081665
5.292060852050781
4.599919319152832
6.506970405578613
6.149607181549072
6.028690338134766
5.864217758178711
7.469162940979004
11.857244491577148
7.323283672332764
7.006370544433594
8.422260284423828
6.081693649291992
5.965987682342529
8.46041488647461
9.413249015808105
7.335973739624023
4.859158515930176
6.159111976623535
7.341498851776123
7.123741149902344
8.235072135925293
6.760359287261963
8.08461856842041
7.731893062591553
7.166591644287109
8.905254364013672
7.149930000305176
7.269700050354004
7.375202178955078
7.093364715576172
5.711340427398682
5.279941082000732
7.027946472167969
7.799008369445801
6.866390705108643
11.99487018585205
5.372422218322754
5.823799133300781
7.275197982788086
8.713682174682617
5.419567584991455
6.866219997406006
8.037318229675293
7.195972919464111
9.837774276733398
13.955658912658691
7.3371076583862305
8.253410339355469
8.86426830291748
8.088726997375488
12.636542320251465
8.909765243530273
4.789773941040039
5.99133825302124
6.36433219909668
10.953522682189941
5.820594310760498
10.7615327835083
9.165786743164062
6.261759281158447
4.393792629241943
7.314726829528809
6.229491233825684
8.318130493164062
8.625275611877441
6.368587017059326
6.611234664916992
6.650814056396484
7.591792583465576
6.549973964691162
11.621175765991211
6.088791847229004
8.95356273651123
7.490780830383301
5.719869613647461
6.626012802124023
10.317948341369629
8.850460052490234
6.3661041259765625
6.53820276260376
7.54840612411499
11.033340454101562
11.749049186706543
6.005122184753418
10.264542579650879
7.928229808807373
11.0274658203125
7.120283126831055
7.653561115264893
5.711947917938232
8.184937477111816
6.90079402923584
6.213605880737305
5.476152420043945
8.94632625579834
8.872864723205566
7.008661270141602
11.290445327758789
8.601275444030762
9.824892044067383
8.502326011657715
6.694512367248535
12.499698638916016
7.937324047088623
8.888790130615234
5.583550930023193
6.1219987869262695
5.689846992492676
4.4220871925354
6.511195659637451
11.352585792541504
6.850890636444092
9.347515106201172
5.538430690765381
7.657824516296387
11.992443084716797
7.896756172180176
3.9266176223754883
8.197698593139648
9.579011917114258
8.095366477966309
7.120258331298828
8.175322532653809
8.812789916992188
8.267783164978027
8.495965003967285
6.695698261260986
6.3913750648498535
9.406591415405273
10.84067440032959
4.9672746658325195
9.331871032714844
8.021943092346191
7.408278465270996
7.171351909637451
6.919825553894043
10.451658248901367
5.965551853179932
7.957183837890625
5.603639125823975
5.221685409545898
10.503636360168457
5.6848578453063965
7.710934638977051
6.8242106437683105
6.2412590980529785
7.292986869812012
7.063173294067383
7.36113166809082
7.1052350997924805
9.420891761779785
8.242754936218262
4.779083728790283
6.845754623413086
5.68860387802124
6.88033390045166
9.098212242126465
6.35103178024292
9.698001861572266
7.934996604919434
8.512782096862793
6.218488693237305
13.13111686706543
10.626853942871094
9.667346954345703
9.497077941894531
7.034572601318359
6.72308874130249
6.599783897399902
6.233053684234619
7.177342891693115
6.309396743774414
5.62680721282959
7.39493465423584
7.21759033203125
6.69346809387207
6.445099830627441
7.036999225616455
6.0112810134887695
7.216127872467041
9.368741035461426
7.170712947845459
6.064844608306885
4.995913982391357
4.972701549530029
5.417093753814697
8.14758586883545
5.922183990478516
6.598647594451904
7.584835052490234
10.565438270568848
7.684571743011475
6.034067630767822
5.358927249908447
8.629661560058594
8.245372772216797
6.5453267097473145
8.741389274597168
5.744883060455322
6.754489421844482
7.594959735870361
6.067604064941406
7.01504373550415
7.90883207321167
5.82758092880249
4.987647533416748
10.404977798461914
6.090592861175537
8.159961700439453
7.799187660217285
7.692255020141602
5.969541072845459
9.991514205932617
8.397299766540527
6.675152778625488
4.504008769989014
7.889993190765381
6.1494317054748535
8.618500709533691
14.131035804748535
11.126314163208008
7.513523101806641
4.17181396484375
7.332134246826172
5.3847503662109375
6.32415246963501
6.910608768463135
7.7349934577941895
6.400457382202148
5.811545372009277
10.133879661560059
6.909684181213379
7.878740310668945
6.076272964477539
8.10056209564209
7.734898090362549
7.312506198883057
9.615104675292969
6.80214262008667
5.278844356536865
8.176467895507812
6.04890251159668
7.815004825592041
4.124965667724609
5.496033668518066
8.063770294189453
5.894774913787842
7.253114223480225
10.795021057128906
8.055194854736328
14.067904472351074
9.261266708374023
4.977329730987549
7.147088527679443
10.551300048828125
5.320035934448242
6.986202716827393
5.902482032775879
11.344499588012695
5.920546531677246
9.87455940246582
7.529475688934326
7.397477149963379
6.157247543334961
6.7764410972595215
9.585589408874512
7.493447780609131
10.14103889465332
8.09704303741455
6.969111442565918
5.491852760314941
8.472867012023926
12.798746109008789
12.84885025024414
7.285865783691406
5.542849063873291
6.5238142013549805
6.490584373474121
6.466587066650391
6.095941543579102
10.980354309082031
7.128465175628662
10.715782165527344
8.437939643859863
11.43484878540039
6.804064750671387
6.3926215171813965
5.808430194854736
7.217708587646484
7.8791046142578125
8.76146125793457
7.478701591491699
8.658397674560547
6.582436561584473
8.695746421813965
5.745521545410156
8.642168045043945
8.05846118927002
9.415104866027832
9.027341842651367
6.678496837615967
8.437384605407715
8.400641441345215
5.674984455108643
6.195155143737793
10.993515014648438
7.801789283752441
5.054573059082031
5.967051029205322
6.022472858428955
5.7126641273498535
5.0448899269104
8.973708152770996
9.075433731079102
10.721221923828125
5.7102179527282715
4.789283752441406
6.8532280921936035
8.427350997924805
10.104004859924316
5.734671115875244
7.677300930023193
9.814065933227539
13.072901725769043
5.986324310302734
8.692111015319824
12.291020393371582
10.56683349609375
5.242486953735352
10.2797269821167
11.986612319946289
7.8511505126953125
6.667020797729492
9.82004451751709
7.498210906982422
8.458778381347656
5.931454181671143
8.366042137145996
6.701442241668701
6.4429426193237305
6.473891258239746
9.202455520629883
7.600142002105713
9.644735336303711
9.772960662841797
6.335046768188477
9.527907371520996
9.565366744995117
8.486261367797852
13.853255271911621
10.268898010253906
7.95130729675293
5.531539440155029
10.290163040161133
11.728190422058105
6.509572982788086
5.090656757354736
6.232791423797607
5.796568870544434
11.878408432006836
8.428013801574707
9.904143333435059
12.188291549682617
13.131146430969238
8.725324630737305
5.6888837814331055
12.297682762145996
11.215468406677246
8.543128967285156
7.4925408363342285
7.796465873718262
4.729575157165527
4.557074546813965
7.7610273361206055
6.203939914703369
6.567460060119629
6.1386895179748535
5.906349182128906
5.701341152191162
7.439211368560791
7.530174255371094
4.199128150939941
4.5427703857421875
7.28489351272583
6.59465217590332
6.597408771514893
8.166022300720215
10.159187316894531
8.584216117858887
7.147186279296875
5.847699165344238
6.255911350250244
8.065269470214844
8.65890884399414
5.309643268585205
5.438888072967529
4.9243855476379395
7.790896892547607
9.629432678222656
6.217947006225586
5.358999729156494
8.706306457519531
5.350117206573486
8.149088859558105
7.209357738494873
8.427351951599121
5.6479668617248535
10.720163345336914
6.472978591918945
7.0871148109436035
4.607278823852539
7.0860066413879395
5.500822067260742
8.61785888671875
4.972666263580322
10.98961353302002
6.463043689727783
6.418472766876221
5.426412582397461
9.99206829071045
4.833276271820068
14.635936737060547
5.7205305099487305
7.0766987800598145
6.900422096252441
8.135671615600586
7.973604679107666
5.48724365234375
6.12251091003418
7.390009880065918
5.8495025634765625
5.482374668121338
6.804784297943115
7.561406135559082
8.021697044372559
7.140177249908447
10.689504623413086
7.385146141052246
10.632572174072266
5.585400104522705
5.097081661224365
6.723570346832275
8.527941703796387
10.186346054077148
11.884902000427246
10.162712097167969
4.996699333190918
4.689874649047852
12.377336502075195
13.848780632019043
5.885443210601807
6.57557487487793
9.656800270080566
5.961904048919678
6.312671184539795
7.707077503204346
5.8146514892578125
7.178086280822754
8.344694137573242
8.521514892578125
6.1094512939453125
8.667957305908203
5.64004373550415
5.2793121337890625
6.44292688369751
8.248682022094727
4.390798568725586
6.807044982910156
6.31954288482666
9.537134170532227
7.285548686981201
5.750097274780273
11.02426815032959
10.75285530090332
8.48343276977539
8.849882125854492
9.461953163146973
5.22993278503418
7.0810933113098145
5.380189418792725
5.916078090667725
9.208900451660156
13.495497703552246
7.837917804718018
4.571009635925293
7.491843223571777
7.326351165771484
4.6297526359558105
6.681581974029541
7.359630584716797
8.141214370727539
6.715737819671631
7.746250152587891
5.581080913543701
7.308218955993652
7.156445503234863
6.13150691986084
9.414441108703613
4.195298671722412
5.43143892288208
5.76659631729126
6.058890342712402
7.347303867340088
8.422625541687012
5.857620716094971
5.603155612945557
7.531855583190918
6.7588582038879395
4.7380876541137695
5.0874481201171875
7.232808589935303
7.357542991638184
8.213513374328613
11.042980194091797
8.838211059570312
6.316349983215332
6.915550231933594
7.935845375061035
8.904598236083984
7.471222400665283
10.162238121032715
7.953471660614014
9.5883207321167
5.644652843475342
6.705689430236816
12.001548767089844
5.309638500213623
6.606014251708984
6.69588565826416
4.660750389099121
5.648437023162842
6.343074321746826
11.22802734375
14.102216720581055
9.125755310058594
4.909121990203857
10.463461875915527
7.7452569007873535
5.396062850952148
4.729480743408203
8.99815559387207
6.418898105621338
7.9256720542907715
6.049996376037598
5.78252649307251
7.230957508087158
4.56362247467041
9.029661178588867
11.127342224121094
4.9188008308410645
8.008044242858887
5.436065196990967
5.511363983154297
7.4405131340026855
8.09945011138916
6.8555145263671875
7.352847576141357
7.43217134475708
10.752177238464355
8.878360748291016
7.8583245277404785
4.899165153503418
9.673388481140137
7.311006546020508
6.021087646484375
6.108390808105469
5.0518293380737305
9.13784122467041
7.414370536804199
9.108957290649414
7.958212375640869
10.27267837524414
6.540849685668945
11.214750289916992
10.790705680847168
6.93096399307251
6.326510906219482
6.063647747039795
11.025534629821777
5.271966457366943
8.454765319824219
6.888020038604736
9.989479064941406
6.5951666831970215
6.979198455810547
6.35516881942749
9.752476692199707
5.583873748779297
5.921849250793457
5.137145519256592
5.570364475250244
6.083536148071289
9.214510917663574
6.348514556884766
6.852396488189697
5.755918502807617
5.816617012023926
6.654224395751953
8.111409187316895
7.19287633895874
8.513871192932129
6.226282596588135
6.484772682189941
4.531829357147217
5.433431625366211
5.903773307800293
6.834250450134277
5.02802848815918
9.70154857635498
6.052591800689697
4.8137640953063965
5.991209506988525
5.067418098449707
7.177984237670898
7.776496410369873
11.114449501037598
4.051860809326172
6.628014087677002
7.448589324951172
10.498937606811523
7.6554036140441895
5.731114864349365
6.359797954559326
6.929329872131348
11.085865020751953
4.3979082107543945
9.194414138793945
6.003736972808838
6.560748100280762
8.239246368408203
6.96775484085083
7.231994152069092
9.401451110839844
8.912422180175781
5.05712366104126
11.240012168884277
8.478180885314941
8.524486541748047
7.91025972366333
5.364710807800293
7.317999839782715
8.543252944946289
4.762356758117676
7.361046314239502
8.804948806762695
5.835561275482178
9.295000076293945
9.407358169555664
5.842133522033691
10.274176597595215
7.324756145477295
9.152459144592285
5.726144790649414
8.234679222106934
7.931150913238525
9.727370262145996
5.173802852630615
5.7096052169799805
7.604806900024414
4.362696647644043
6.584804534912109
6.767941951751709
5.339583396911621
6.803679943084717
10.337135314941406
5.767390727996826
7.031772136688232
6.292545795440674
7.26081657409668
6.263609886169434
5.330036163330078
5.595797538757324
9.44962215423584
4.08473539352417
7.932559967041016
9.59947395324707
13.604928970336914
7.819099426269531
6.106647491455078
6.535810947418213
8.297513961791992
8.195670127868652
8.204761505126953
4.55098295211792
9.770411491394043
6.586867809295654
11.206230163574219
7.1789984703063965
8.398843765258789
8.689689636230469
6.5673651695251465
5.863790988922119
7.293214321136475
7.173922538757324
12.184187889099121
7.992340564727783
7.817523002624512
9.665836334228516
6.64859676361084
5.025298118591309
6.967503547668457
6.346816062927246
5.865565776824951
5.22651481628418
8.499817848205566
6.282941818237305
5.794304847717285
8.744771003723145
5.639825344085693
8.592730522155762
4.435598373413086
6.828408718109131
10.466581344604492
5.666116714477539
6.824336051940918
7.291632652282715
9.152933120727539
6.707366466522217
5.758609771728516
7.070152759552002
5.092095375061035
5.379403114318848
8.230594635009766
6.4218902587890625
5.665722370147705
5.981343746185303
7.283945083618164
9.109830856323242
5.812765121459961
7.510108947753906
6.559677600860596
7.956693649291992
8.158670425415039
4.8671464920043945
6.129843711853027
10.565081596374512
7.674739837646484
7.23976469039917
8.613454818725586
12.171821594238281
7.84750509262085
7.514330863952637
7.961489677429199
10.452966690063477
7.107833385467529
5.26755428314209
7.93679666519165
7.378876686096191
10.026947975158691
8.72675895690918
6.794417858123779
8.74473762512207
8.770448684692383
7.081183433532715
6.292153835296631
7.344223499298096
6.32316780090332
6.267922878265381
8.265998840332031
5.867685794830322
8.028580665588379
7.517820835113525
6.179802894592285
9.898720741271973
6.455207824707031
9.385109901428223
9.007673263549805
10.094903945922852
6.503555774688721
6.817337989807129
5.12022590637207
7.893855094909668
11.665237426757812
7.405884265899658
8.374588012695312
6.920269012451172
7.783219337463379
5.899486541748047
6.1704421043396
5.562198162078857
6.209433555603027
8.753424644470215
4.652782917022705
8.241538047790527
7.39149808883667
6.917198181152344
11.519292831420898
5.628854751586914
5.336547374725342
10.58361530303955
14.174217224121094
5.902532577514648
7.2738518714904785
6.831991195678711
5.853088855743408
7.736279010772705
5.356797218322754
6.792296886444092
7.305294036865234
5.941814422607422
13.576415061950684
7.551069259643555
5.230339527130127
6.970552444458008
7.718824863433838
6.937992095947266
5.09047794342041
8.560601234436035
9.077308654785156
5.007565498352051
5.669264793395996
9.39033031463623
5.986963748931885
7.987682342529297
8.854308128356934
13.803543090820312
10.15251636505127
7.181195259094238
12.389106750488281
7.189817428588867
10.830877304077148
7.40492582321167
5.467177867889404
7.938567638397217
4.475710391998291
5.352407455444336
5.455328464508057
7.31361722946167
6.9681854248046875
5.736358642578125
8.637633323669434
3.8064212799072266
5.397531509399414
10.065089225769043
4.726435661315918
8.540632247924805
7.979606628417969
7.57012414932251
5.108376502990723
9.163555145263672
6.916295051574707
7.2477569580078125
5.544817924499512
6.784626007080078
7.407543182373047
6.5072407722473145
8.124267578125
7.450119495391846
4.781136512756348
7.881226062774658
9.056768417358398
4.644357681274414
8.136868476867676
6.584783554077148
10.299829483032227
8.886123657226562
6.7308349609375
6.761507511138916
4.650266647338867
9.415084838867188
7.66862678527832
5.785507678985596
7.844083786010742
7.6091718673706055
5.177163124084473
7.170072555541992
7.5057902336120605
8.066455841064453
6.493001461029053
5.6807098388671875
5.888819694519043
5.068823337554932
7.79866361618042
8.600290298461914
6.565857887268066
4.227482795715332
8.452848434448242
6.086740016937256
6.633670330047607
9.640057563781738
11.156484603881836
8.782724380493164
14.768547058105469
6.202917098999023
5.056307792663574
7.758905410766602
6.302585601806641
7.714762210845947
8.022233963012695
11.550178527832031
4.831574440002441
9.575559616088867
5.826372146606445
8.115015983581543
8.741841316223145
14.197628021240234
11.732732772827148
5.833534240722656
6.561944961547852
3.7912492752075195
7.106203556060791
10.821714401245117
8.45798110961914
4.968075275421143
5.743044853210449
4.754585266113281
8.28892707824707
8.737041473388672
6.590193271636963
7.207967758178711
9.082573890686035
8.166884422302246
6.559948921203613
10.380809783935547
9.898354530334473
13.826497077941895
6.905108451843262
5.070613861083984
4.464710712432861
8.041877746582031
6.762892246246338
6.786546230316162
7.420773983001709
10.431290626525879
7.694851875305176
6.712803840637207
6.55723237991333
7.901806831359863
5.904529571533203
6.2781877517700195
7.182618618011475
8.877432823181152
5.879263877868652
6.1052937507629395
12.558226585388184
7.262821197509766
6.296666622161865
5.972782135009766
7.1888556480407715
5.7013702392578125
7.949143886566162
9.366731643676758
8.63652515411377
7.492862224578857
8.505293846130371
7.996720314025879
8.724467277526855
6.130769729614258
7.5208845138549805
5.069210052490234
4.625367641448975
6.382635116577148
8.656508445739746
9.484175682067871
9.229328155517578
7.014611721038818
9.626809120178223
10.341788291931152
6.3975300788879395
9.155891418457031
6.985996723175049
6.344045639038086
5.389423370361328
7.167582988739014
6.188362121582031
6.979598522186279
4.848555088043213
6.322657585144043
8.387721061706543
6.82963752746582
6.192005157470703
7.9809417724609375
7.363058567047119
6.583817481994629
8.373078346252441
5.10927677154541
5.483123302459717
6.167057037353516
8.86572551727295
8.092790603637695
7.047138214111328
5.926608085632324
6.343542098999023
7.779057025909424
8.502898216247559
10.460988998413086
6.493847370147705
7.065663814544678
7.707973003387451
6.243831634521484
7.027907848358154
8.12453556060791
8.20551872253418
5.337653160095215
5.358265399932861
9.80024242401123
13.48934268951416
7.858360290527344
8.843428611755371
7.182985305786133
7.145621299743652
10.9611177444458
10.845120429992676
7.429853439331055
9.435519218444824
7.664984226226807
12.788948059082031
9.80907154083252
10.669595718383789
5.651450157165527
6.621759414672852
7.553338527679443
5.921839237213135
6.215977191925049
7.333682060241699
6.1363844871521
13.139486312866211
6.578428268432617
11.971702575683594
5.1788129806518555
5.513669013977051
6.5038676261901855
8.336756706237793
8.978548049926758
8.221171379089355
7.7107977867126465
6.719815731048584
9.107308387756348
4.728440761566162
7.661900520324707
6.483757972717285
11.719330787658691
8.136430740356445
9.41281509399414
10.162668228149414
11.114358901977539
6.841243267059326
10.89669132232666
5.02809476852417
6.054771900177002
6.021952152252197
7.524669170379639
12.251670837402344
5.155298233032227
6.14931583404541
9.552488327026367
8.734353065490723
6.688138961791992
6.506455898284912
13.76500129699707
9.847071647644043
6.999779224395752
7.882791042327881
5.518177032470703
6.925973892211914
8.887003898620605
7.602432727813721
6.991949081420898
7.490971088409424
10.334087371826172
6.576064109802246
4.256858825683594
6.685123920440674
7.517691612243652
7.529542922973633
8.10009479522705
8.828044891357422
6.39086389541626
5.508754730224609
7.554062843322754
10.966511726379395
4.748151779174805
8.337634086608887
4.713006496429443
7.705524444580078
10.873445510864258
9.531513214111328
10.567604064941406
5.222092628479004
5.189605712890625
5.3194661140441895
6.855405807495117
8.514129638671875
12.169255256652832
7.46690559387207
6.459212303161621
7.009364128112793
6.428729057312012
4.406245231628418
6.2753987312316895
6.278853893280029
5.850404739379883
9.498114585876465
6.775566101074219
6.828567028045654
6.898716926574707
6.960499286651611
7.170455455780029
7.343252182006836
9.232344627380371
8.767436981201172
8.176603317260742
8.973114967346191
6.697057723999023
6.040889263153076
9.497653007507324
6.1926679611206055
5.428105354309082
6.09135627746582
6.44746208190918
7.2449541091918945
7.632229804992676
6.562805652618408
12.162514686584473
5.6481614112854
5.477558612823486
8.22482967376709
10.116025924682617
5.311434268951416
10.828112602233887
6.6714372634887695
8.771607398986816
8.87356948852539
10.022211074829102
5.88298225402832
5.989068984985352
6.602917671203613
9.594191551208496
6.565008163452148
5.285886287689209
6.054914474487305
6.957987308502197
9.118598937988281
9.854211807250977
8.911867141723633
6.669943809509277
5.803975582122803
10.031435012817383
8.57885456085205
6.667692184448242
6.015834808349609
8.209709167480469
6.658974647521973
8.11600399017334
6.394270896911621
5.137284755706787
8.688026428222656
8.167998313903809
7.433072566986084
8.886046409606934
8.736239433288574
6.969671726226807
6.729396343231201
5.3366475105285645
8.578269958496094
6.6017327308654785
6.876354217529297
8.1372652053833
5.531398773193359
8.396051406860352
5.046952724456787
8.227787971496582
5.2222113609313965
6.762115955352783
7.000898838043213
6.529653072357178
6.815567493438721
5.325911045074463
5.747508525848389
10.538725852966309
7.635280609130859
5.898719310760498
8.432108879089355
7.391571998596191
4.121150970458984
5.519703388214111
6.827872276306152
7.436410903930664
11.75
8.592357635498047
5.527591705322266
9.4969482421875
5.146885395050049
8.239051818847656
9.194313049316406
4.060266494750977
7.981405735015869
7.194714069366455
5.752443313598633
8.113808631896973
5.3915791511535645
5.386207580566406
6.186476707458496
9.673829078674316
7.081154823303223
9.143623352050781
8.899299621582031
6.904386520385742
5.785562038421631
6.049464702606201
5.315196990966797
9.076120376586914
6.606819152832031
11.873346328735352
6.593582630157471
6.9997878074646
5.8289408683776855
6.925459384918213
8.633512496948242
6.031966686248779
5.851620197296143
5.9970269203186035
4.8514299392700195
5.552646636962891
6.33105993270874
6.410161972045898
5.573795318603516
5.42606258392334
8.465826988220215
10.343727111816406
7.32505989074707
8.2313232421875
4.768306732177734
4.605829238891602
8.332797050476074
5.140974044799805
5.334373474121094
6.490318298339844
4.85234260559082
5.373406887054443
7.229734897613525
5.479209899902344
6.990438461303711
9.594581604003906
5.890338897705078
6.317431926727295
7.524425983428955
6.692765712738037
5.660679817199707
6.172691822052002
6.638857841491699
9.886666297912598
7.427577018737793
7.854526996612549
4.541207790374756
6.381836891174316
8.86723804473877
6.411549091339111
6.754748821258545
9.279338836669922
7.2054548263549805
8.165946960449219
6.894539833068848
4.880971431732178
5.9610209465026855
6.397956848144531
5.578117370605469
6.757270812988281
6.258856296539307
8.593330383300781
5.911011695861816
4.407714366912842
8.858707427978516
5.564943790435791
8.963459968566895
6.919805526733398
5.657552242279053
8.023796081542969
5.3076653480529785
4.57871150970459
5.949691295623779
4.600388526916504
5.320339202880859
7.279928684234619
9.596909523010254
5.938423156738281
6.123440265655518
7.501777648925781
9.447708129882812
5.459896564483643
10.214841842651367
5.415604591369629
9.705848693847656
8.411247253417969
7.735827922821045
9.318814277648926
7.145411968231201
6.366407871246338
4.838137626647949
5.802133560180664
4.998309135437012
4.770979881286621
10.808342933654785
7.261726379394531
5.624965667724609
4.8506574630737305
5.699044227600098
4.878915786743164
5.631892204284668
8.975488662719727
12.046311378479004
6.385171890258789
8.19731330871582
6.000438690185547
10.63249683380127
9.812470436096191
11.6452054977417
8.729598999023438
12.841086387634277
5.198121070861816
5.787887096405029
4.029369354248047
5.255762100219727
4.999305725097656
9.057031631469727
9.981724739074707
9.115483283996582
6.876611709594727
7.518742561340332
6.705360412597656
11.097691535949707
7.394379615783691
6.544471263885498
7.451900959014893
6.435513973236084
9.424407005310059
9.30598258972168
5.208591938018799
4.815762519836426
5.313207626342773
10.112812042236328
5.115841388702393
5.417649269104004
7.448586463928223
12.257255554199219
5.749955654144287
5.108663558959961
6.154815196990967
6.445453643798828
6.183287620544434
4.928972244262695
7.165207862854004
6.9955830574035645
5.922580718994141
6.2151312828063965
4.874049186706543
5.374765872955322
6.515105724334717
5.783010482788086
6.095624923706055
6.0261311531066895
6.379032611846924
5.379666805267334
5.729391574859619
7.925704479217529
6.861670970916748
5.806802749633789
8.18581771850586
7.413302898406982
7.072833061218262
6.230564594268799
6.9167327880859375
5.9612717628479
7.3496503829956055
5.969021797180176
5.345520496368408
6.053569793701172
6.04941987991333
4.4835100173950195
12.097925186157227
9.270611763000488
7.951651573181152
5.802903652191162
5.760312080383301
9.527689933776855
5.471533298492432
4.889523029327393
5.615877628326416
6.787286758422852
5.055200576782227
4.2892303466796875
5.1811604499816895
7.502811431884766
4.878478527069092
5.052493095397949
11.070033073425293
8.305359840393066
5.9214982986450195
5.073770523071289
7.020177841186523
7.3971638679504395
7.981259822845459
5.842337131500244
4.12071418762207
5.402053356170654
