0.340237021446228
0.8639464378356934
0.7842082381248474
0.13514220714569092
0.9186903238296509
0.8223016858100891
0.35551607608795166
0.8506358861923218
0.345459908246994
0.39812034368515015
0.5074857473373413
0.1917990893125534
0.558426022529602
0.48405134677886963
0.2092387080192566
0.9493476748466492
0.2755546569824219
0.7897924184799194
0.2769487798213959
0.7042142152786255
0.08665326982736588
0.6699109077453613
0.19825127720832825
0.5265312194824219
0.6314048171043396
0.946931779384613
0.7954453229904175
0.2289346307516098
0.21468542516231537
0.5697736144065857
0.42226001620292664
0.41329482197761536
0.5861539244651794
0.10416283458471298
0.705933153629303
0.9231941103935242
0.0881466343998909
0.416245698928833
0.5419086813926697
0.3819171190261841
0.509479820728302
0.43591201305389404
0.887519896030426
0.4645516574382782
0.21670694649219513
0.7100003361701965
0.29890868067741394
0.9298692345619202
0.1975584179162979
0.769562840461731
0.400545597076416
0.22220607101917267
0.8906264901161194
0.48647168278694153
0.15192484855651855
0.8539193868637085
0.9104989767074585
0.3500206172466278
0.11943963915109634
0.1075306385755539
0.8548518419265747
0.27182576060295105
0.8848159909248352
0.40202388167381287
0.5333425998687744
0.8089130520820618
0.30023714900016785
0.212578684091568
0.6114412546157837
0.9388805031776428
0.8560206890106201
0.9465972185134888
0.5258773565292358
0.7860236167907715
0.7638646364212036
0.9772856831550598
0.6323150992393494
0.430778831243515
0.1280205398797989
0.9036127924919128
0.1528530865907669
0.5571375489234924
0.47515925765037537
0.651570200920105
0.32783243060112
0.7874891757965088
0.7486308217048645
0.47371789813041687
0.743904709815979
0.9490419030189514
0.33527228236198425
0.40372005105018616
0.5491644740104675
0.8749613761901855
0.0775807723402977
0.27468547224998474
0.20507749915122986
0.27502191066741943
0.5588265061378479
0.4179677665233612
0.10757039487361908
0.7846664190292358
0.6904852986335754
0.9189894199371338
0.45314931869506836
0.4587749242782593
0.11766757816076279
0.8755140900611877
0.31207525730133057
0.13736535608768463
0.08241970837116241
0.47854742407798767
0.7389905452728271
0.47839197516441345
0.8815210461616516
0.10463330894708633
0.8257926106452942
0.9356930255889893
0.9365642070770264
0.8854037523269653
0.33158138394355774
0.360583633184433
0.3906470537185669
0.6113027334213257
0.09424038231372833
0.8357736468315125
0.37176546454429626
0.17914870381355286
0.9342589974403381
0.21753686666488647
0.7933006882667542
0.2640264630317688
0.1905183047056198
0.8653261065483093
0.13783688843250275
0.9444307684898376
0.7892016768455505
0.2000209093093872
0.5178768038749695
0.2257700264453888
0.9677537083625793
0.0711173489689827
0.04613325372338295
0.13201624155044556
0.3011435568332672
0.8422556519508362
0.38851645588874817
0.3767179548740387
0.11841567605733871
0.0834895595908165
0.40487897396087646
0.8499931693077087
0.43380266427993774
0.6552553176879883
0.7720092535018921
0.06848478317260742
0.036656834185123444
0.5040305256843567
0.3646239936351776
0.265341192483902
0.7121224999427795
0.8893510103225708
0.36922529339790344
0.9422202706336975
0.5366435647010803
0.864037275314331
0.41267451643943787
0.9023754000663757
0.7978304028511047
0.9018707275390625
0.23560339212417603
0.831765353679657
0.034640733152627945
0.23813942074775696
0.9189022183418274
0.5488672852516174
0.7301802039146423
0.1030588299036026
0.3069424331188202
0.8098967671394348
0.47667983174324036
0.21353726089000702
0.4458514153957367
0.444652795791626
0.6841552257537842
0.5869148969650269
0.7222577333450317
0.5508756637573242
0.6015393733978271
0.26471710205078125
0.17918913066387177
0.8009035587310791
0.3506139814853668
0.9860838055610657
0.9596765041351318
0.338556170463562
0.9729347229003906
0.5294269919395447
0.7341480851173401
0.9556368589401245
0.37735676765441895
0.6921798586845398
0.5378676652908325
0.2638280987739563
0.8985569477081299
0.39572176337242126
0.788587749004364
0.23421654105186462
0.40952393412590027
0.642255961894989
0.7757704854011536
0.10697738081216812
0.972918689250946
0.255825012922287
0.9683876037597656
0.8973557353019714
0.15904316306114197
0.4890098571777344
0.5434174537658691
0.9081335067749023
0.7438142895698547
0.043685927987098694
0.5315086841583252
0.902805745601654
0.3441508412361145
0.3355538845062256
0.833529531955719
0.8175215125083923
0.8664759993553162
0.6633239388465881
0.71430504322052
0.12924115359783173
0.7217721939086914
0.810401439666748
0.21313650906085968
0.39479607343673706
0.9127243757247925
0.747275173664093
0.7876561880111694
0.9577330946922302
0.7972025275230408
0.8725951313972473
0.047615569084882736
0.7159930467605591
0.5795817375183105
0.6800267100334167
0.18699400126934052
0.34135088324546814
0.8563011884689331
0.06423603743314743
0.0653545930981636
0.4159330725669861
0.8750039935112
0.500199019908905
0.2603955864906311
0.5568320751190186
0.4557642340660095
0.8051071763038635
0.5440539121627808
0.30539295077323914
0.07109542191028595
0.4924607574939728
0.9061886072158813
0.824010968208313
0.3456665277481079
0.8134113550186157
0.27308595180511475
0.2170790433883667
0.8575897216796875
0.9790042638778687
0.8628820776939392
0.22940784692764282
0.14747047424316406
0.7637349963188171
0.7535776495933533
0.26563480496406555
0.0967867523431778
0.220053032040596
0.47197505831718445
0.20916108787059784
0.4001624882221222
0.8998692631721497
0.7780029773712158
0.29370203614234924
0.24164807796478271
0.9233074188232422
0.4567400813102722
0.9164444208145142
0.7959032654762268
0.8927289843559265
0.9889774918556213
0.9509078860282898
0.880696177482605
0.8464241027832031
0.9504529237747192
0.45221444964408875
0.6379206776618958
0.8767614364624023
0.2792145013809204
0.499642938375473
0.8689655065536499
0.727276086807251
0.9290362000465393
0.5373671650886536
0.5194404721260071
0.14523740112781525
0.9874922037124634
0.6164391040802002
0.8378715515136719
0.09189470112323761
0.3964109718799591
0.5368693470954895
0.46475210785865784
0.9245190620422363
0.03256288543343544
0.8320525884628296
0.1251390278339386
0.9083254337310791
0.5691872835159302
0.5693961977958679
0.6548669934272766
0.30473414063453674
0.4593173861503601
0.720851480960846
0.9104823470115662
0.5069233179092407
0.10781604796648026
0.797666609287262
0.5164452195167542
0.9318493008613586
0.9094264507293701
0.7922888994216919
0.8633309006690979
0.7874521613121033
0.9683039784431458
0.9764542579650879
0.6944735646247864
0.5719392895698547
0.19291770458221436
0.08465387672185898
0.60755854845047
0.789924681186676
0.3369332253932953
0.5639923214912415
0.6739450693130493
0.27102041244506836
0.21935997903347015
0.6580466032028198
0.9446936845779419
0.09220726042985916
0.6885948181152344
0.37493351101875305
0.41769611835479736
0.6507521867752075
0.3055349588394165
0.41059327125549316
0.9887403845787048
0.7716485261917114
0.144135981798172
0.6883897185325623
0.6404499411582947
0.052026551216840744
0.2296225130558014
0.5732637047767639
0.944714367389679
0.879150390625
0.2313183695077896
0.15144169330596924
0.1637481302022934
0.13031499087810516
0.7886901497840881
0.27685993909835815
0.1370140016078949
0.7613149881362915
0.9359278678894043
0.9379713535308838
0.09055187553167343
0.6161636710166931
0.06342695653438568
0.4950537085533142
0.38868048787117004
0.5874220728874207
0.05052100121974945
0.19421568512916565
0.8409385085105896
0.2813388705253601
0.9911515116691589
0.508031964302063
0.6924245357513428
0.6211327314376831
0.8922536373138428
0.8608433604240417
0.9350351691246033
0.23724694550037384
0.7918736338615417
0.2618577480316162
0.625529408454895
0.9256044626235962
0.9909752011299133
0.2123016119003296
0.08027316629886627
0.9526512622833252
0.42281463742256165
0.9272173643112183
0.7008848786354065
0.9500309228897095
0.17555631697177887
0.9059436917304993
0.15592961013317108
0.9848612546920776
0.9894785284996033
0.8363794088363647
0.3675408363342285
0.2762095630168915
0.3076632022857666
0.553514838218689
0.8146860003471375
0.7919936180114746
0.7953782677650452
0.8033180832862854
0.09625279903411865
0.20500603318214417
0.6566438674926758
0.42621082067489624
0.42358604073524475
0.25984248518943787
0.5826935768127441
0.07599703222513199
0.97614985704422
0.7922495603561401
0.14160168170928955
0.9341825246810913
0.5058317184448242
0.7597621083259583
0.8261049389839172
0.5038553476333618
0.8626413345336914
0.4054378569126129
0.879591166973114
0.11565382778644562
0.6874041557312012
0.8489628434181213
0.492810994386673
0.6620773673057556
0.10575111955404282
0.3841659724712372
0.2703635096549988
0.9263021349906921
0.6250128149986267
0.9858744144439697
0.8791012167930603
0.6239161491394043
0.23962855339050293
0.27652889490127563
0.11444409191608429
0.9170753955841064
0.5169667601585388
0.2677864730358124
0.725405752658844
0.388278067111969
0.23462694883346558
0.5772886276245117
0.08740194141864777
0.38008353114128113
0.7653877139091492
0.0484011285007
0.959265410900116
0.24159373342990875
0.10206487774848938
0.5199092030525208
0.9487850666046143
0.4026455283164978
0.9563060998916626
0.9411128759384155
0.11273658275604248
0.5354411602020264
0.978039562702179
0.6829505562782288
0.9772992730140686
0.38958534598350525
0.29653915762901306
0.19411040842533112
0.5136974453926086
0.8816515803337097
0.631018340587616
0.18622693419456482
0.540899395942688
0.2380768358707428
0.9788217544555664
0.879789412021637
0.41213974356651306
0.827378511428833
0.6714082360267639
0.2955814599990845
0.7686081528663635
0.20360347628593445
0.5870554447174072
0.682134211063385
0.9882208108901978
0.11072380095720291
0.28668662905693054
0.6337601542472839
0.8514072299003601
0.922718346118927
0.36708271503448486
0.5556419491767883
0.19592750072479248
0.2945098280906677
0.5375799536705017
0.6808826327323914
0.7395995259284973
0.08220847696065903
0.6579970121383667
0.7953016757965088
0.40594372153282166
0.7469893097877502
0.9273231625556946
0.6520902514457703
0.0427669957280159
0.41700276732444763
0.9047111868858337
0.0861549898982048
0.6466388702392578
0.4659000039100647
0.6239937543869019
0.6578361988067627
0.5603388547897339
0.8195860385894775
0.3852396607398987
0.19655641913414001
0.7512871623039246
0.1499093919992447
0.6306174397468567
0.5662748217582703
0.25354626774787903
0.10461556166410446
0.765095055103302
0.8903226852416992
0.13105840981006622
0.3145841956138611
0.9674028158187866
0.13413237035274506
0.10087369382381439
0.665370762348175
0.9644530415534973
0.9662880897521973
0.9690991044044495
0.6589704155921936
0.09420223534107208
0.6487597227096558
0.45754244923591614
0.25845885276794434
0.3394757807254791
0.9360323548316956
0.9620765447616577
0.13465656340122223
0.5670291185379028
0.7023131251335144
0.819294810295105
0.23389513790607452
0.7888477444648743
0.948628842830658
0.38956502079963684
0.2784811556339264
0.5501207113265991
0.6598509550094604
0.8640456795692444
0.34875449538230896
0.37899455428123474
0.4111916124820709
0.841210126876831
0.15362173318862915
0.08088851720094681
0.09817361831665039
0.8624289035797119
0.37891775369644165
0.3708186149597168
0.8592962622642517
0.4538094699382782
0.8041529059410095
0.3460496664047241
0.6035937070846558
0.39852088689804077
0.30092889070510864
0.5134663581848145
0.3754768967628479
0.2003573477268219
0.07132364809513092
0.8503870368003845
0.23201289772987366
0.7886632680892944
0.5509848594665527
0.9840754866600037
0.14094924926757812
0.15915518999099731
0.5338257551193237
0.8093451857566833
0.6056379675865173
0.3990918695926666
0.08440525829792023
0.12767694890499115
0.3300323188304901
0.7314012050628662
0.3524055480957031
0.22064052522182465
0.8571711778640747
0.26905930042266846
0.32101839780807495
0.10055048018693924
0.28242239356040955
0.11334416270256042
0.3838711977005005
0.6142303943634033
0.4318107068538666
0.6986047625541687
0.1432921588420868
0.36080220341682434
0.9402849078178406
0.9678977131843567
0.32069453597068787
0.17520038783550262
0.9238409399986267
0.7500543594360352
0.07979900389909744
0.5661917328834534
0.38102588057518005
0.3880626857280731
0.7920082807540894
0.42811059951782227
0.4584920406341553
0.4420253336429596
0.7695127129554749
0.40104758739471436
0.9779025912284851
0.9341745376586914
0.6021173000335693
0.24834319949150085
0.7956092357635498
0.5397484302520752
0.5815654993057251
0.0780383050441742
0.4890117943286896
0.15745437145233154
0.07224173098802567
0.2937570810317993
0.3716943562030792
0.17538030445575714
0.3832089602947235
0.8612557053565979
0.33166444301605225
0.8129326105117798
0.7847592830657959
0.5311388373374939
0.3462740182876587
0.342841237783432
0.5551151037216187
0.3691772520542145
0.7626116275787354
0.23587177693843842
0.9451287984848022
0.0926670953631401
0.5815911889076233
0.27302661538124084
0.12063189595937729
0.28299036622047424
0.749130129814148
0.6140437126159668
0.6340300440788269
0.7338283658027649
0.14555281400680542
0.11285099387168884
0.9528589248657227
0.45295149087905884
0.31482410430908203
0.9635574817657471
0.9740731716156006
0.49251291155815125
0.9771546721458435
0.6822413206100464
0.10214123874902725
0.9503695368766785
0.040425512939691544
0.6432293057441711
0.7724635601043701
0.34748291969299316
0.16442108154296875
0.49333545565605164
0.9524376392364502
0.7702876329421997
0.4997479319572449
0.46281003952026367
0.9223794937133789
0.24006550014019012
0.7279442548751831
0.642314076423645
0.5323377847671509
0.39180031418800354
0.25421810150146484
0.9745392799377441
0.7784703373908997
0.37956395745277405
0.9054676294326782
0.2885498106479645
0.4482579231262207
0.06756885349750519
0.33305883407592773
0.6699303388595581
0.9753226637840271
0.7099988460540771
0.6131406426429749
0.9848220944404602
0.46434295177459717
0.5725899934768677
0.11243700236082077
0.9273945093154907
0.8343868851661682
0.4155106246471405
0.15268388390541077
0.19277019798755646
0.3983631134033203
0.9381924867630005
0.6248914003372192
0.9767224192619324
0.05615425109863281
0.11251706629991531
0.5685911774635315
0.906389057636261
0.5308887958526611
0.9590675234794617
0.6022481322288513
0.9379947185516357
0.1819658726453781
0.9187721014022827
0.8135315179824829
0.14030815660953522
0.10298609733581543
0.88798987865448
0.8386610150337219
0.9933941960334778
0.8586733341217041
0.10305257886648178
0.4870155453681946
0.20780682563781738
0.18278802931308746
0.05706677585840225
0.09286035597324371
0.14302203059196472
0.5570001602172852
0.7286034226417542
0.9502348899841309
0.5589674115180969
0.1433553695678711
0.3332648277282715
0.7954168915748596
0.502185583114624
0.1616133600473404
0.6614910364151001
0.6504120230674744
0.3363371789455414
0.48208463191986084
0.49930626153945923
0.10787144303321838
0.5059319138526917
0.16009922325611115
0.7334533333778381
0.8240324258804321
0.8725761771202087
0.9217768311500549
0.616750180721283
0.9632323980331421
0.10395954549312592
0.3506689667701721
0.05078131705522537
0.9226415157318115
0.05755486711859703
0.4135814607143402
0.25021469593048096
0.30960753560066223
0.990443766117096
0.18380703032016754
0.5993238687515259
0.8162571787834167
0.9303387999534607
0.17190197110176086
0.0660223588347435
0.7506584525108337
0.1630450040102005
0.38197189569473267
0.8104960322380066
0.7580976486206055
0.881130039691925
0.44396835565567017
0.5076866149902344
0.08996133506298065
0.37649303674697876
0.9358108043670654
0.9802967309951782
0.9091739654541016
0.359002023935318
0.6647310256958008
0.23444578051567078
0.12488117069005966
0.1718110889196396
0.7386771440505981
0.3119182884693146
0.7527686357498169
0.424824059009552
0.49483704566955566
0.8364608883857727
0.7514600157737732
0.4385976493358612
0.9604324102401733
0.19114960730075836
0.7481061220169067
0.5757943391799927
0.27809613943099976
0.5815348625183105
0.7293372750282288
0.5321453809738159
0.8732928037643433
0.2769903242588043
0.20406322181224823
0.9747774004936218
0.8034642338752747
0.18861468136310577
0.6133772730827332
0.7039786577224731
0.8275797367095947
0.9801629781723022
0.11779187619686127
0.7467696666717529
0.061863504350185394
0.5669798254966736
0.5162385106086731
0.9776341319084167
0.7143619656562805
0.5394634008407593
0.23494108021259308
0.7323049902915955
0.49772167205810547
0.6633371114730835
0.6550055742263794
0.8660639524459839
0.6381612420082092
0.41787582635879517
0.22911739349365234
0.8501253128051758
0.9824100732803345
0.24446137249469757
0.21557021141052246
0.06965409964323044
0.23597092926502228
0.9362141489982605
0.4211890697479248
0.942092776298523
0.4943084418773651
0.8971641063690186
0.2260761559009552
0.13667456805706024
0.9803662896156311
0.30241572856903076
0.1729706972837448
0.4544176459312439
0.2096329778432846
0.24288462102413177
0.5033403038978577
0.13937397301197052
0.9899623394012451
0.9624683856964111
0.09367479383945465
0.11576209962368011
0.7587556838989258
0.5916235446929932
0.9601374864578247
0.987683117389679
0.23369616270065308
0.8639224171638489
0.7319924831390381
0.11340229213237762
0.33217036724090576
0.9806782603263855
0.10480640083551407
0.2054957151412964
0.300973504781723
0.8092841506004333
0.6572030782699585
0.5782699584960938
0.8873139023780823
0.8019324541091919
0.7373088002204895
0.905912458896637
0.24604173004627228
0.6031724810600281
0.9857231974601746
0.4876963198184967
0.06131970137357712
0.30529046058654785
0.7098758816719055
0.1883973330259323
0.3012295365333557
0.18651892244815826
0.2673742175102234
0.3231855034828186
0.05760059505701065
0.330022394657135
0.5336612462997437
0.8902303576469421
0.16287988424301147
0.051128145307302475
0.7222215533256531
0.4414314329624176
0.7789114117622375
0.21226297318935394
0.3106168508529663
0.19964422285556793
0.45462462306022644
0.3848297894001007
0.7628118395805359
0.14232854545116425
0.16923150420188904
0.43616917729377747
0.17333020269870758
0.9193280339241028
0.2648451030254364
0.8132274746894836
0.11618521809577942
0.9163607358932495
0.6840626001358032
0.06644545495510101
0.8670108318328857
0.4991479218006134
0.932914137840271
0.27872297167778015
0.9566037058830261
0.8724554181098938
0.09749216586351395
0.6974496841430664
0.9306688904762268
0.6014530062675476
0.32053184509277344
0.7982283234596252
0.45653843879699707
0.9606266617774963
0.6439746022224426
0.982200026512146
0.3207344114780426
0.9853444695472717
0.8437442779541016
0.43740102648735046
0.9413354396820068
0.23680444061756134
0.2900415360927582
0.8374576568603516
0.4577474892139435
0.5524767637252808
0.7620667219161987
0.44541454315185547
0.23307442665100098
0.29015475511550903
0.44598886370658875
0.4209734797477722
0.06699813157320023
0.849190354347229
0.1664465069770813
0.3933357298374176
0.9863120913505554
0.03884721174836159
0.17168143391609192
0.7804192304611206
0.09805811196565628
0.8819425702095032
0.6373110413551331
0.7092880010604858
0.8962482810020447
0.8046940565109253
0.4380418658256531
0.40345442295074463
0.5354304909706116
0.6393665671348572
0.699343740940094
0.608565092086792
0.9375661611557007
0.40251901745796204
0.108450748026371
0.2266744077205658
0.74944669008255
0.5273621082305908
0.10154253244400024
0.5196418762207031
0.10090155899524689
0.1847301572561264
0.8741055130958557
0.5959032773971558
0.6402164101600647
0.8296427130699158
0.7962731122970581
0.1393660008907318
0.9605112671852112
0.3053520917892456
0.6905802488327026
0.6683388352394104
0.8900564908981323
0.22590070962905884
0.3643048107624054
0.39418771862983704
0.10105635225772858
0.8351863026618958
0.6450777649879456
0.6406275629997253
0.5899633765220642
0.9589155912399292
0.9449459910392761
0.307256817817688
0.7132458686828613
0.5004898905754089
0.19987711310386658
0.20359112322330475
0.13340184092521667
0.8957120776176453
0.9437310099601746
0.8906061053276062
0.2855847477912903
0.6052465438842773
0.8932722210884094
0.7781698107719421
0.6453409790992737
0.7288700938224792
0.9537043571472168
0.9539486169815063
0.1733076125383377
0.1409149318933487
0.6679562926292419
0.8581482172012329
0.12577873468399048
0.6521120667457581
0.06814271211624146
0.15385547280311584
0.19953466951847076
0.813951849937439
0.8223354816436768
0.6372790932655334
0.5453822016716003
0.512874960899353
0.6680626273155212
0.0353291891515255
0.9522116184234619
0.5856790542602539
0.6573886871337891
0.5893437266349792
0.3113898038864136
0.3168261647224426
0.7944048047065735
0.8690558075904846
0.8521752953529358
0.17271475493907928
0.8333441615104675
0.3862915337085724
0.1611318439245224
0.15750466287136078
0.17142771184444427
0.21630443632602692
0.2530856132507324
0.5332164168357849
0.32350143790245056
0.9771431684494019
0.2424817532300949
0.40362870693206787
0.8527516722679138
0.1214488223195076
0.22621193528175354
0.9099373817443848
0.2689568102359772
0.9655376076698303
0.18671707808971405
0.46014130115509033
0.2948909103870392
0.9801961779594421
0.4976821541786194
0.9380782246589661
0.5006952285766602
0.8769247531890869
0.9418094158172607
0.6750911474227905
0.5291614532470703
0.6717867255210876
0.1913689225912094
0.9555795788764954
0.2342950403690338
0.842079758644104
0.0596110075712204
0.7360260486602783
0.5252480506896973
0.7567564845085144
0.9368708729743958
0.5029301643371582
0.8150150179862976
0.7092406749725342
0.9163458943367004
0.29243358969688416
0.5714401602745056
0.9678674936294556
0.4720573425292969
0.15740105509757996
0.41424593329429626
0.6438495516777039
0.1883935034275055
0.5833743810653687
0.8201554417610168
0.9763703346252441
0.9045572280883789
0.6061344742774963
0.7869309186935425
0.4570569396018982
0.07751999795436859
0.11171024292707443
0.4290544390678406
0.14415988326072693
0.937908947467804
0.6373514533042908
0.8948011994361877
0.6713191866874695
0.38583171367645264
0.409024178981781
0.6892392039299011
0.2420453429222107
0.06594295799732208
0.4308135211467743
0.6652507185935974
0.5871770977973938
0.629856288433075
0.7357409000396729
0.6277576684951782
0.9787382483482361
0.6192694902420044
0.5912140011787415
0.45960190892219543
0.5579913854598999
0.12430692464113235
0.46463075280189514
0.9892710447311401
0.7923543453216553
0.658223032951355
0.17946399748325348
0.6717221140861511
0.9191436767578125
0.376708447933197
0.3833991587162018
0.8147843480110168
0.08983482420444489
0.5883926153182983
0.8651362061500549
0.14771845936775208
0.8058103322982788
0.9492493867874146
0.9342111349105835
0.3058041036128998
0.9459086060523987
0.39931532740592957
0.699923574924469
0.9485111832618713
0.7243069410324097
0.10270237177610397
0.47624170780181885
0.9532007575035095
0.9166935086250305
0.9105729460716248
0.6860316395759583
0.06071675196290016
0.16473080217838287
0.7900145053863525
0.28025707602500916
0.08596237003803253
0.6838864088058472
0.2132328599691391
0.9087845087051392
0.503309428691864
0.6458542346954346
0.2678181231021881
0.7670145630836487
0.2095719426870346
0.07470730692148209
0.9454864263534546
0.9620850086212158
0.6040311455726624
0.34819403290748596
0.05466747656464577
0.1452089548110962
0.6030251383781433
0.591763973236084
0.1083805188536644
0.29969924688339233
0.16636906564235687
0.6073055863380432
0.08986467123031616
0.8852913975715637
0.4544939696788788
0.6206687688827515
0.6895623803138733
0.20375357568264008
0.7997953295707703
0.43146365880966187
0.9773295521736145
0.5181970000267029
0.36313435435295105
0.24988090991973877
0.07845375686883926
0.8692025542259216
0.7781205773353577
0.8852738738059998
0.3187096416950226
0.9480322003364563
0.585485577583313
0.4456673264503479
0.504673957824707
0.7464698553085327
0.9610779285430908
0.9767548441886902
0.6826712489128113
0.8126108050346375
0.4828657805919647
0.23698316514492035
0.9571528434753418
0.5641035437583923
0.9208642244338989
0.6446102857589722
0.7694520950317383
0.4428906738758087
0.6609330773353577
0.3200756907463074
0.06853311508893967
0.8582494258880615
0.880798876285553
0.300258606672287
0.8981109857559204
0.3279590606689453
0.45748162269592285
0.07425680011510849
0.3970918357372284
0.7668147683143616
0.8091169595718384
0.1929396390914917
0.9878544211387634
0.3174346685409546
0.507958173751831
0.7937716245651245
0.7028809189796448
0.6382166743278503
0.6542959809303284
0.836496889591217
0.9665185809135437
0.24863536655902863
0.9684252738952637
0.9022431373596191
0.9727284908294678
0.5863742828369141
0.09011753648519516
0.9369831681251526
0.8234814405441284
0.9716839790344238
0.317472368478775
0.9776273965835571
0.33100631833076477
0.8303185105323792
0.05845294147729874
0.826636552810669
0.9788886904716492
0.674339771270752
0.6643853187561035
0.33199942111968994
0.9279949069023132
0.2767125070095062
0.09420530498027802
0.9352192282676697
0.33615821599960327
0.8322281837463379
0.8119856119155884
0.425739049911499
0.5862011909484863
0.5783876180648804
0.5939103960990906
0.6937177777290344
0.16557618975639343
0.4527728259563446
0.807508647441864
0.9812429547309875
0.8937676548957825
0.07987286895513535
0.8769394159317017
0.21600905060768127
0.375169962644577
0.9775689244270325
0.8590986132621765
0.20478549599647522
0.6540392637252808
0.19560115039348602
0.9211593866348267
0.8811838626861572
0.9601238965988159
0.9551895260810852
0.9084939360618591
0.446320503950119
0.901606559753418
0.060783758759498596
0.26904284954071045
0.220001682639122
0.28981471061706543
0.946740984916687
0.811934769153595
0.05330679565668106
0.3829071521759033
0.42621704936027527
0.13815942406654358
0.27923160791397095
0.1090477705001831
0.05080484226346016
0.4477156400680542
0.060326121747493744
0.5299582481384277
0.4840346574783325
0.2410649210214615
0.5406860113143921
0.1607401818037033
0.9811837673187256
0.21160149574279785
0.12994001805782318
0.830100417137146
0.05323200672864914
0.6049162149429321
0.7852949500083923
0.2147269994020462
0.40593409538269043
0.6314377784729004
0.7480113506317139
0.14109469950199127
0.6392697095870972
0.07031457871198654
0.13340450823307037
0.061786092817783356
0.2197052389383316
0.6122097373008728
0.3245373070240021
0.662101686000824
0.2337978184223175
0.5351296663284302
0.05302320048213005
0.8672322034835815
0.7067252993583679
0.09956708550453186
0.26506805419921875
0.7575860619544983
0.9207906126976013
0.23990938067436218
0.5624390840530396
0.16955506801605225
0.884369969367981
0.9099873900413513
0.15277832746505737
0.7611870169639587
0.7492570877075195
0.6340768933296204
0.6067748069763184
0.3405155539512634
0.7765383720397949
0.682144820690155
0.9010863304138184
0.1107432171702385
0.08006292581558228
0.12383338063955307
0.6139517426490784
0.8222229480743408
0.7004271149635315
0.9664182662963867
0.744807243347168
0.08088302612304688
0.6250623464584351
0.4691821336746216
0.24467894434928894
0.755581259727478
0.14071427285671234
0.34342196583747864
0.2762458324432373
0.17475585639476776
0.6183142066001892
0.20416367053985596
0.9718472957611084
0.6429861187934875
0.1704532355070114
0.3899732530117035
0.6234520673751831
0.3164571225643158
0.9776211380958557
0.7892616391181946
0.814689040184021
0.91762775182724
0.9448848366737366
0.6745743751525879
0.97129887342453
0.2434997707605362
0.8402303457260132
0.8094356060028076
0.26042184233665466
0.8721787333488464
0.15866340696811676
0.1168103963136673
0.6012433767318726
0.4899002015590668
0.8048913478851318
0.07823536545038223
0.5316655039787292
0.8102274537086487
0.4506262540817261
0.9671201705932617
0.8878539204597473
0.630038857460022
0.8349581360816956
0.5142683386802673
0.7969661951065063
0.9303416609764099
0.9154036641120911
0.18903253972530365
0.533350944519043
0.46734270453453064
0.21615439653396606
0.2699609696865082
0.15861275792121887
0.14676955342292786
0.43128323554992676
0.4390064775943756
0.2079128921031952
0.9607201814651489
0.960198163986206
0.1876235008239746
0.5837603211402893
0.9036412835121155
0.2869335114955902
0.5883749723434448
0.4516530930995941
0.7301565408706665
0.32456982135772705
0.5127873420715332
0.6641445159912109
0.8794153928756714
0.989528477191925
0.19225233793258667
0.8040906190872192
0.42578819394111633
0.24491047859191895
0.5355590581893921
0.724168062210083
0.32052531838417053
0.8120567798614502
0.8011997938156128
0.0766647532582283
0.5318845510482788
0.06288554519414902
0.4688723385334015
0.6797003746032715
0.2896166443824768
0.6806136965751648
0.2905670702457428
0.1303163766860962
0.7095229625701904
0.6502464413642883
0.46065419912338257
0.7446766495704651
0.7535820007324219
0.4347584545612335
0.6967335343360901
0.15016815066337585
0.07637596875429153
0.08307774364948273
0.9751182794570923
0.893434464931488
0.16180656850337982
0.08761488646268845
0.4815613627433777
0.2294573187828064
0.750533938407898
0.2729072868824005
0.248025044798851
0.5313805341720581
0.5225145816802979
0.4210910499095917
0.8508219122886658
0.8662658333778381
0.6366260647773743
0.7363866567611694
0.6854358911514282
0.7283010482788086
0.19469322264194489
0.0844644233584404
0.5543179512023926
0.9357393980026245
0.24240532517433167
0.7548896074295044
0.761833906173706
0.828066885471344
0.07191868126392365
0.14407150447368622
0.3247203230857849
0.8217747807502747
0.9782822728157043
0.24278391897678375
0.8635260462760925
0.9263862371444702
0.8082987070083618
0.3584163188934326
0.7605426907539368
0.6231666207313538
0.9378938674926758
0.539581298828125
0.7958140969276428
0.13264471292495728
0.6842647790908813
0.2914976179599762
0.5587135553359985
0.9610190987586975
0.13630855083465576
0.49900901317596436
0.169075608253479
0.1668092906475067
0.2676604092121124
0.1559266895055771
0.29791203141212463
0.9838942885398865
0.2779541313648224
0.6042776703834534
0.625683605670929
0.7992903590202332
0.04807016998529434
0.35384610295295715
0.2233423888683319
0.478751003742218
0.3888273537158966
0.9914708733558655
0.2494652420282364
0.1966070979833603
0.260735422372818
0.9405027031898499
0.8820223808288574
0.22871598601341248
0.08551546931266785
0.45803046226501465
0.4492475986480713
0.5154398679733276
0.9804101586341858
0.945259153842926
0.19617174565792084
0.9834152460098267
0.7443133592605591
0.80071622133255
0.20532500743865967
0.32968682050704956
0.2537720501422882
0.3022547662258148
0.3119308650493622
0.4267197251319885
0.9650048017501831
0.49864399433135986
0.6224371790885925
0.1591760367155075
0.12695591151714325
0.8108105063438416
0.20134063065052032
0.15251511335372925
0.9258416891098022
0.9273942112922668
0.4367446303367615
0.23949088156223297
0.48017019033432007
0.39642173051834106
0.8973643779754639
0.9385250210762024
0.9347991347312927
0.4021395742893219
0.3495761454105377
0.6338005661964417
0.23240968585014343
0.9295721650123596
0.3359317183494568
0.08915899693965912
0.2816088795661926
0.5354456901550293
0.7799689769744873
0.4690883159637451
0.943187415599823
0.4566335082054138
0.6712583303451538
0.6378898024559021
0.04267492517828941
0.560199499130249
0.6504899859428406
0.057673655450344086
0.5496187806129456
0.48005759716033936
0.7337527275085449
0.925273597240448
0.4869764745235443
0.9817267656326294
0.282985121011734
0.19042645394802094
0.9262375235557556
0.7210948467254639
0.4074840247631073
0.31324198842048645
0.15884816646575928
0.9858008027076721
0.864338755607605
0.9069310426712036
0.07844921201467514
0.13679440319538116
0.40821486711502075
0.379436731338501
0.09233235567808151
0.7635791301727295
0.10303205996751785
0.5645995140075684
0.19237111508846283
0.2917020320892334
0.978898823261261
0.5664028525352478
0.9658203125
0.6393271684646606
0.9733466506004333
0.6338238716125488
0.5563060641288757
0.19370120763778687
0.1400037705898285
0.3540534973144531
0.24646535515785217
0.4169732332229614
0.9814040660858154
0.31441885232925415
0.34738147258758545
0.09540237486362457
0.6077538132667542
0.9218131303787231
0.21005068719387054
0.6483870148658752
0.8613196015357971
0.9338535070419312
0.6793407201766968
0.8503208160400391
0.19884996116161346
0.894404947757721
0.7643182873725891
0.3289746046066284
0.303483784198761
0.3529561758041382
0.7480195164680481
0.6444034576416016
0.7192245721817017
0.8189404010772705
0.2610030472278595
0.36515241861343384
0.6366691589355469
0.3207683265209198
0.909518301486969
0.60605388879776
0.2070474773645401
0.9773920774459839
0.9734932780265808
0.8240175843238831
0.773259162902832
0.35716712474823
0.25522249937057495
0.11257506161928177
0.5607355833053589
0.5288357138633728
0.29461678862571716
0.6970006823539734
0.07135332375764847
0.11685048043727875
0.5928860902786255
0.2667487561702728
0.3651687502861023
0.9568619728088379
0.16313430666923523
0.1075785830616951
0.8152014017105103
0.3345845639705658
0.8969209790229797
0.8146764636039734
0.08867359906435013
0.2884533107280731
0.8340766429901123
0.9834451079368591
0.44606608152389526
0.13131928443908691
0.9855186939239502
0.5629163384437561
0.7645816802978516
0.28869783878326416
0.6860319375991821
0.30480778217315674
0.710618257522583
0.2907288670539856
0.4007396697998047
0.8757238984107971
0.08446285873651505
0.8297287225723267
0.617559015750885
0.8981720209121704
0.4957713484764099
0.7403953671455383
0.4053901433944702
0.17946043610572815
0.3544814884662628
0.3347194492816925
0.6235177516937256
0.6935313940048218
0.13873811066150665
0.3441852331161499
0.09808240085840225
0.2599516212940216
0.25524815917015076
0.7374210953712463
0.6516442894935608
0.1052531749010086
0.5182801485061646
0.052614111453294754
0.908049464225769
0.774017333984375
0.04203341528773308
0.8594239950180054
0.19145876169204712
0.7897154092788696
0.2652137875556946
0.9048963189125061
0.49138468503952026
0.4674024283885956
0.8995413184165955
0.4839935898780823
0.5615288019180298
0.8546256422996521
0.4091275930404663
0.09012509882450104
0.4664837718009949
0.1443713903427124
0.9935769438743591
0.412026971578598
0.8215811252593994
0.1512327343225479
0.16917063295841217
0.25121983885765076
0.7458096742630005
0.17968277633190155
0.3935447335243225
0.7709026336669922
0.7487062215805054
0.3832254409790039
0.7238882184028625
0.6935017108917236
0.14671844244003296
0.4834374189376831
0.11001074314117432
0.7586057186126709
0.17665693163871765
0.5151437520980835
0.7578049302101135
0.710555911064148
0.6037995219230652
0.42624714970588684
0.6367337703704834
0.9560242295265198
0.7018383741378784
0.8934955596923828
0.8522610068321228
0.4185718297958374
0.9555597901344299
0.8052064180374146
0.37144771218299866
0.16715632379055023
0.9528712630271912
0.8843402862548828
0.22141456604003906
0.19870217144489288
0.2110166698694229
0.5143240094184875
0.7967738509178162
0.6398646831512451
0.2636716365814209
0.17699821293354034
0.5129749774932861
0.8739842772483826
0.5789068341255188
0.24320055544376373
0.6364580988883972
0.5643592476844788
0.9684582352638245
0.9071621298789978
0.9674046039581299
0.5638503432273865
0.42155012488365173
0.3139154016971588
0.1329745501279831
0.11785539984703064
0.41695648431777954
0.6063653230667114
0.31262820959091187
0.11277249455451965
0.5403196811676025
0.03747928887605667
0.7744813561439514
0.8182153701782227
0.6187671422958374
0.9844720959663391
0.8189141750335693
0.9784156680107117
0.9597125053405762
0.5118849873542786
0.81014084815979
0.9055817127227783
0.8502923846244812
0.16156017780303955
0.534065306186676
0.9829530715942383
0.4630594551563263
0.11762312054634094
0.23441295325756073
0.22283853590488434
0.050282105803489685
0.5137501358985901
0.9587847590446472
0.1997167468070984
0.8985392451286316
0.5262733697891235
0.906122624874115
0.4593850374221802
0.830660343170166
0.909791111946106
0.23511110246181488
0.38807550072669983
0.9242393374443054
0.9879422783851624
0.6197588443756104
0.7512050271034241
0.7976813912391663
0.5683828592300415
0.7707101106643677
0.3572486937046051
0.9560426473617554
0.11904166638851166
0.9206699728965759
0.6901055574417114
0.5224790573120117
0.8028514385223389
0.2212199717760086
0.9510893225669861
0.42545178532600403
0.9850780963897705
0.42023852467536926
0.9828423857688904
0.9640679955482483
0.7947348952293396
0.312715619802475
0.6568363308906555
0.7877063155174255
0.15935570001602173
0.9133413434028625
0.44086170196533203
0.9787830114364624
0.10355154424905777
0.33397334814071655
0.15767726302146912
0.9030138850212097
0.8346629738807678
0.9488010406494141
0.9343109130859375
0.9517718553543091
0.7723905444145203
0.8015167117118835
0.6377264857292175
0.9418283700942993
0.5461593270301819
0.10171709209680557
0.10303421318531036
0.9645916819572449
0.5480787754058838
0.6530787944793701
0.13780179619789124
0.2346494197845459
0.48519566655158997
0.9126484394073486
0.6713009476661682
0.4708089828491211
0.9944745898246765
0.15312092006206512
0.5046524405479431
0.5542569756507874
0.9459691047668457
0.36375969648361206
0.7726786136627197
0.18959669768810272
0.29674777388572693
0.07041124254465103
0.8357177376747131
0.8824352622032166
0.7902156114578247
0.1927659958600998
0.05959542468190193
0.7021412253379822
0.1589648276567459
0.19266517460346222
0.9575405716896057
0.6651017665863037
0.546409547328949
0.3701685070991516
0.16161544620990753
0.0938291996717453
0.6312325596809387
0.9891601204872131
0.2306213676929474
0.9942428469657898
0.666063666343689
0.5953165292739868
0.9317629933357239
0.0651189312338829
0.17576800286769867
0.3089486360549927
0.9643415808677673
0.22009360790252686
0.6243926882743835
0.9258594512939453
0.8409177660942078
0.3277539610862732
0.4616953432559967
0.05524066090583801
0.9014866948127747
0.8687347769737244
0.08296184241771698
0.7012959122657776
0.5800658464431763
0.1744356006383896
0.11753732711076736
0.0959632620215416
0.6601594686508179
0.518514096736908
0.7872014045715332
0.6498888731002808
0.7295769453048706
0.10123834013938904
0.5964696407318115
0.6552271246910095
0.9263639450073242
0.9436239004135132
0.17026999592781067
0.8385329246520996
0.871154248714447
0.5114184021949768
0.4133533537387848
0.9299458265304565
0.9419177174568176
0.20543302595615387
0.4002924859523773
0.8868280649185181
0.07836603373289108
0.8526014685630798
0.10793720185756683
0.22647865116596222
0.13908155262470245
0.34564027190208435
0.8427870273590088
0.9258716106414795
0.8581775426864624
0.6942113637924194
0.546160876750946
0.8139580488204956
0.41362839937210083
0.8035878539085388
0.5418630242347717
0.12088532745838165
0.3942072093486786
0.8041349053382874
0.784399151802063
0.43276357650756836
0.9307768940925598
0.6998155117034912
0.8660809397697449
0.7673079371452332
0.48131775856018066
0.26072415709495544
0.886282205581665
0.5116143822669983
0.3775283694267273
0.969736635684967
0.5098291039466858
0.33396273851394653
0.8304967880249023
0.15712866187095642
0.9576175212860107
0.5151745080947876
0.2349804937839508
0.510742723941803
0.9163956642150879
0.8002496361732483
0.7100338935852051
0.3338630795478821
0.7418084144592285
0.24831517040729523
0.17584599554538727
0.34347760677337646
0.7149381041526794
0.7340219616889954
0.8725320100784302
0.7591887712478638
0.08584332466125488
0.9931848645210266
0.7166253924369812
0.12247458845376968
0.3831070363521576
0.8020766973495483
0.7077996730804443
0.867267370223999
0.8971439599990845
0.7619295120239258
0.8145995736122131
0.832105278968811
0.33492231369018555
0.8926169872283936
0.4740000367164612
0.7125490307807922
0.5741340517997742
0.23898209631443024
0.33399611711502075
0.5735931992530823
0.5879420638084412
0.8841440677642822
0.6152623891830444
0.07541146874427795
0.14469210803508759
0.43102940917015076
0.927646815776825
0.824276864528656
0.048295240849256516
0.7278755307197571
0.06318419426679611
0.7576397657394409
0.4765007495880127
0.6120150685310364
0.9664562344551086
0.7298318147659302
0.2473134696483612
0.06629382073879242
0.20319384336471558
0.1483885496854782
0.12796007096767426
0.5886446833610535
0.47573554515838623
0.7771501541137695
0.9746655225753784
0.23883558809757233
0.8519409894943237
0.50827956199646
0.7859740853309631
0.6767569184303284
0.5871806144714355
0.6270739436149597
0.9209786653518677
0.3411611318588257
0.4047570526599884
0.7469485402107239
0.7496411204338074
0.884119987487793
0.8202422261238098
0.3235858380794525
0.8456236124038696
0.2899685204029083
0.9399141669273376
0.8558657169342041
0.80963534116745
0.12430624663829803
0.3075856566429138
0.9805010557174683
0.2086212933063507
0.9530028104782104
0.8887242674827576
0.4319951832294464
0.08734361827373505
0.21070930361747742
0.8512125015258789
0.8100971579551697
0.13867966830730438
0.4519074559211731
0.6172890067100525
0.0889667347073555
0.4734760820865631
0.8124253749847412
0.8407925367355347
0.07727944105863571
0.8851823210716248
0.5224155783653259
0.5488090515136719
0.1793442815542221
0.08384580910205841
0.28133004903793335
0.5282901525497437
0.42995959520339966
0.43886876106262207
0.6025255918502808
0.0994308739900589
0.15402881801128387
0.8608218431472778
0.4304034411907196
0.024374468252062798
0.18179772794246674
0.10990361869335175
0.05924185737967491
0.7989999651908875
0.637688159942627
0.5606769919395447
0.37541091442108154
0.6597630977630615
0.5626575946807861
0.17633087933063507
0.8767227530479431
0.3101893961429596
0.9541131854057312
0.9726453423500061
0.911389172077179
0.6565431952476501
0.7101793885231018
0.7273664474487305
0.30177634954452515
0.9929900169372559
0.6252458095550537
0.9355445504188538
0.2635819911956787
0.7182181477546692
0.8332079648971558
0.7668759822845459
0.8773077726364136
0.3889322280883789
0.8872629404067993
0.7923645973205566
0.9839825630187988
0.8225727081298828
0.4167879521846771
0.9169263243675232
0.2221299111843109
0.17661842703819275
0.6250752210617065
0.31664133071899414
0.9357506632804871
0.10541883111000061
0.6334678530693054
0.4466806948184967
0.6376261115074158
0.46596822142601013
0.9755350351333618
0.35682448744773865
0.672478437423706
0.3965345621109009
0.3858948349952698
0.44205912947654724
0.752116858959198
0.29957225918769836
0.4658476412296295
0.18498525023460388
0.8177656531333923
0.9516164064407349
0.7316902875900269
0.5511186122894287
0.16153693199157715
0.1407083421945572
0.9150745272636414
0.32522374391555786
0.9561581611633301
0.11676326394081116
0.053188104182481766
0.06802989542484283
0.9184287786483765
0.5794015526771545
0.5040243864059448
0.09340928494930267
0.27613598108291626
0.8359915018081665
0.2357282042503357
0.8314740657806396
0.8541865944862366
0.6828147768974304
0.1921151876449585
0.10101710259914398
0.5480359792709351
0.9249897599220276
0.20151188969612122
0.7887269258499146
0.6747478246688843
0.8063370585441589
0.6852145195007324
0.5034300684928894
0.23857730627059937
0.376056045293808
0.6511545181274414
0.569799542427063
0.5945797562599182
0.643464207649231
0.5011153817176819
0.4527771770954132
0.8614489436149597
0.07482938468456268
0.9801560640335083
0.18995431065559387
0.6927415132522583
0.9665752649307251
0.9537138938903809
0.8340960144996643
0.5818741917610168
0.304716557264328
0.5761488676071167
0.11572490632534027
0.7672418355941772
0.3810041546821594
0.2947424352169037
0.7726237177848816
0.8125278949737549
0.8452560901641846
0.42300862073898315
0.9539953470230103
0.9836138486862183
0.2665632963180542
0.4184981882572174
0.5838577747344971
0.9442172050476074
0.2826302647590637
0.5141790509223938
0.47394925355911255
0.22450101375579834
0.8964298963546753
0.9303931593894958
0.41092798113822937
0.5903382897377014
0.7070267200469971
0.6821432709693909
0.18077769875526428
0.4287880063056946
0.6001002192497253
0.13645963370800018
0.7776835560798645
0.060829371213912964
0.0925910472869873
0.07316125184297562
0.37960922718048096
0.13070586323738098
0.2742980122566223
0.5426740646362305
0.10496275126934052
0.638987123966217
0.7646179795265198
0.4247818887233734
0.4009039103984833
0.12052364647388458
0.36320385336875916
0.29641395807266235
0.11051107197999954
0.047553613781929016
0.5951271057128906
0.9106811285018921
0.532692015171051
0.15118709206581116
0.23398378491401672
0.5167146921157837
0.9643409252166748
0.8955572843551636
0.9664160013198853
0.6879434585571289
0.8288767337799072
0.9363943338394165
0.26696649193763733
0.7006657123565674
0.9007426500320435
0.7428532838821411
0.4165206551551819
0.07800593972206116
0.8564586043357849
0.614363968372345
0.15026411414146423
0.5754740238189697
0.8827318549156189
0.05804034322500229
0.07374731451272964
0.8938224911689758
0.5769035816192627
0.7227603197097778
0.6164243221282959
0.30836567282676697
0.22368761897087097
0.8156911134719849
0.9154567718505859
0.14537060260772705
0.3809761106967926
0.3720165491104126
0.3997217118740082
0.34456944465637207
0.8333178758621216
0.48430556058883667
0.04843003302812576
0.9796537160873413
0.8990208506584167
0.9611632227897644
0.8971142768859863
0.7638763785362244
0.75177001953125
0.5283985137939453
0.918499767780304
0.36985763907432556
0.7797370553016663
0.11908683180809021
0.1711018979549408
0.4164995849132538
0.27427464723587036
0.4777374863624573
0.9089589715003967
0.4195373058319092
0.45410361886024475
0.8806095123291016
0.7099564075469971
0.9045577645301819
0.054768145084381104
0.5124988555908203
0.8101820349693298
0.8973925113677979
0.10819778591394424
0.7677240371704102
0.4253918528556824
0.7321871519088745
0.6698272824287415
0.059232693165540695
0.10236591100692749
0.0895172581076622
0.8684180974960327
0.5468353033065796
0.742796003818512
0.9177223443984985
0.4358677268028259
0.986210286617279
0.8697965145111084
0.27159762382507324
0.491587370634079
0.3917902708053589
0.9647811651229858
0.1714424341917038
0.8332960605621338
0.9479799270629883
0.22634638845920563
0.32619327306747437
0.14079517126083374
0.3822013735771179
0.9020801782608032
0.2703537940979004
0.4462701082229614
0.40102288126945496
0.1355077028274536
0.6849019527435303
0.5503343343734741
0.9661624431610107
0.9430476427078247
0.26535093784332275
0.09257154166698456
0.8573508858680725
0.741441547870636
0.7140986323356628
0.11603055149316788
0.7608690857887268
0.2776317298412323
0.19648852944374084
0.7230438590049744
0.8438891768455505
0.5236538648605347
0.9061270356178284
0.4576316475868225
0.6419440507888794
0.14462143182754517
0.4213867783546448
0.4113316237926483
0.8439576029777527
0.9405494332313538
0.8603479862213135
0.9749132394790649
0.7803717851638794
0.8944648504257202
0.4299030900001526
0.7743574380874634
0.5058131217956543
0.31032708287239075
0.811860978603363
0.8749209046363831
0.06248626485466957
0.40934574604034424
0.5828805565834045
0.2904098331928253
0.8925147652626038
0.42055773735046387
0.4620082974433899
0.24648521840572357
0.8177514672279358
0.4627464711666107
0.10173505544662476
0.5262852311134338
0.3901897370815277
0.5606929659843445
0.7752143144607544
0.7995455265045166
0.9474567770957947
0.5290791392326355
0.20287777483463287
0.5744551420211792
0.9656800627708435
0.30366194248199463
0.7715698480606079
0.6638193726539612
0.7126910090446472
0.42554038763046265
0.3399042785167694
0.9698310494422913
0.09391274303197861
0.16206884384155273
0.1915469765663147
0.10146408528089523
0.16320066154003143
0.5045587420463562
0.5679497718811035
0.13198907673358917
0.9027783870697021
0.3020364046096802
0.4458295404911041
0.29388612508773804
0.9378665089607239
0.6594733595848083
0.19150343537330627
0.15133342146873474
0.745671272277832
0.23978456854820251
0.19327491521835327
0.18978139758110046
0.7794902324676514
0.0679912269115448
0.6729893684387207
0.06475893408060074
0.6570922136306763
0.7880426049232483
0.6789754629135132
0.17086832225322723
0.6005017757415771
0.3477281332015991
0.8755472898483276
0.15037506818771362
0.9656413197517395
0.1057262271642685
0.9493809938430786
0.4041610360145569
0.4735463857650757
0.7926012873649597
0.4263114631175995
0.7023162841796875
0.27139812707901
0.6244997382164001
0.8234164714813232
0.0647774413228035
0.5008342266082764
0.53289395570755
0.437385231256485
0.2826516032218933
0.6717349290847778
0.7104290127754211
0.6362424492835999
0.9194631576538086
0.09393851459026337
0.6673793196678162
0.7373713254928589
0.809192955493927
0.27067238092422485
0.1813453882932663
0.5573580861091614
0.9757174849510193
0.13328635692596436
0.27255603671073914
0.6473787426948547
0.8353760838508606
0.9182150363922119
0.5298665761947632
0.42513301968574524
0.14692166447639465
0.652986466884613
0.3727540671825409
0.88088059425354
0.42160919308662415
0.25401201844215393
0.9429487586021423
0.9820517897605896
0.6517185568809509
0.5767084360122681
0.37259215116500854
0.9887645244598389
0.25029444694519043
0.17180244624614716
0.6825997829437256
0.30938807129859924
0.22683271765708923
0.1040458157658577
0.8545548915863037
0.6397133469581604
0.7444453239440918
0.49315518140792847
0.3699270784854889
0.8521240949630737
0.8201194405555725
0.3619166314601898
0.38921329379081726
0.9220031499862671
0.9241499304771423
0.1275353580713272
0.8779906630516052
0.1896863728761673
0.6886671185493469
0.5112589597702026
0.42760592699050903
0.11949069052934647
0.2465703934431076
0.13905535638332367
0.43728533387184143
0.20797787606716156
0.8344426155090332
0.44965681433677673
0.44528138637542725
0.14449439942836761
0.7115885615348816
0.8673430681228638
0.9467540383338928
0.9508287906646729
0.9686287641525269
0.8539466857910156
0.10197854042053223
0.35482680797576904
0.3971235752105713
0.8775009512901306
0.8262709379196167
0.13190217316150665
0.9770165085792542
0.04062461853027344
0.1491251289844513
0.4358634948730469
0.1773541122674942
0.08926977962255478
0.3969796895980835
0.7453766465187073
0.27715200185775757
0.8885151147842407
0.6246377229690552
0.09872978180646896
0.10864264518022537
0.17904463410377502
0.0632939413189888
0.9638453125953674
0.9134591817855835
0.8891934156417847
0.5233617424964905
0.6270893216133118
0.9913341403007507
0.9080037474632263
0.37252625823020935
0.6510775089263916
0.39624133706092834
0.9742573499679565
0.846555233001709
0.11232460290193558
0.3204869031906128
0.9610996842384338
0.2347267121076584
0.38799622654914856
0.23013551533222198
0.05743979662656784
0.7660741209983826
0.08120857179164886
0.9508766531944275
0.8497739434242249
0.15708281099796295
0.9835247993469238
0.6488964557647705
0.7657181620597839
0.9321061968803406
0.47161614894866943
0.6869618892669678
0.9284887313842773
0.9851621985435486
0.5071312785148621
0.973704993724823
0.6924462914466858
0.41096964478492737
0.07467018812894821
0.9423326849937439
0.43188562989234924
0.1420889049768448
0.7629303336143494
0.9042710661888123
0.6293541193008423
0.7661037445068359
0.361245334148407
0.6093537211418152
0.6561310291290283
0.663068413734436
0.059512536972761154
0.7461126446723938
0.6047304272651672
0.32959091663360596
0.4520622491836548
0.8524579405784607
0.47156715393066406
0.2454373836517334
0.811972975730896
0.18167752027511597
0.9563533067703247
0.7080681324005127
0.13756027817726135
0.9394712448120117
0.4813494086265564
0.5419274568557739
0.41935181617736816
0.931232213973999
0.1754438281059265
0.8826906085014343
0.9671191573143005
0.6943660378456116
0.4081747233867645
0.9502649307250977
0.08004588633775711
0.8811020851135254
0.855613112449646
0.9361254572868347
0.24347573518753052
0.2224249690771103
0.20710353553295135
0.9323695302009583
0.46749648451805115
0.34165358543395996
0.4960336685180664
0.43112677335739136
0.10152614116668701
0.07774858176708221
0.23690706491470337
0.7478355169296265
0.12246005982160568
0.5816474556922913
0.9835016131401062
0.15248247981071472
0.6527260541915894
0.1298193335533142
0.9599444270133972
0.3173152804374695
0.3784216344356537
0.37576910853385925
0.13462033867835999
0.9948764443397522
0.2925345003604889
0.2823772728443146
0.46465447545051575
0.3824212849140167
0.1340249478816986
0.32719361782073975
0.9124194979667664
0.9325501918792725
0.6394650936126709
0.6584411859512329
0.8417571187019348
0.9216426610946655
0.11353761702775955
0.41894856095314026
0.9040673971176147
0.30420875549316406
0.6954288482666016
0.051831088960170746
0.09970645606517792
0.18785515427589417
0.4064389169216156
0.9075432419776917
0.3866885304450989
0.7797214984893799
0.8607309460639954
0.17973290383815765
0.12317698448896408
0.7004901766777039
0.9105566740036011
0.9925574064254761
0.9497488141059875
0.6635929346084595
0.22400520741939545
0.18289655447006226
0.9462617039680481
0.6227554678916931
0.24950408935546875
0.19580763578414917
0.28923824429512024
0.051995474845170975
0.7569723129272461
0.9532955288887024
0.35512807965278625
0.3596552014350891
0.8454083204269409
0.1479473114013672
0.19466771185398102
0.13147473335266113
0.31274843215942383
0.4778185784816742
0.14840351045131683
0.879960298538208
0.2695188522338867
0.5866540670394897
0.2944990396499634
0.1501060426235199
0.7143102288246155
0.9559744596481323
0.09427382797002792
0.9313367605209351
0.21294370293617249
0.9988746047019958
0.044492583721876144
0.8389843702316284
0.08026878535747528
0.8666784763336182
0.27051979303359985
0.42563655972480774
0.8571832776069641
0.4865460693836212
0.2431110143661499
0.1171167716383934
0.8315313458442688
0.0841502994298935
0.8004989624023438
0.808495044708252
0.9739557504653931
0.6560362577438354
0.7509442567825317
0.4649624526500702
0.9366858601570129
0.11281557381153107
0.7985929250717163
0.2929007112979889
0.9431378841400146
0.7700394988059998
0.6872287392616272
0.505109965801239
0.1364060491323471
0.8412003517150879
0.8943451642990112
0.9683781862258911
0.9930967688560486
0.9394712448120117
0.8270121812820435
0.7579743266105652
0.5225498080253601
0.0774792730808258
0.9479843378067017
0.9617165327072144
0.0944409891963005
0.9591341018676758
0.14478376507759094
0.32711949944496155
0.9126091003417969
0.33055201172828674
0.3658525347709656
0.10766711831092834
0.19509856402873993
0.9504284858703613
0.9227324724197388
0.86873459815979
0.2508995831012726
0.7161880731582642
0.30478963255882263
0.7665656805038452
0.5652945637702942
0.836112916469574
0.7678418159484863
0.267965167760849
0.026800507679581642
0.37701180577278137
0.7593175172805786
0.9752770066261292
0.7441055774688721
0.9756424427032471
0.7498682141304016
0.6064409613609314
0.795283854007721
0.5375776886940002
0.23962467908859253
0.41662973165512085
0.30865272879600525
0.2783874273300171
0.7387621998786926
0.9776968955993652
0.8467099070549011
0.9235522150993347
0.7088760137557983
0.4927247166633606
0.5150546431541443
0.4761674106121063
0.7688705325126648
0.6549004316329956
0.6646282076835632
0.4854000508785248
0.10585353523492813
0.23403233289718628
0.9310599565505981
0.7784026265144348
0.3720736801624298
0.7884641885757446
0.46972909569740295
0.9917351007461548
0.46621084213256836
0.7800753116607666
0.3013060688972473
0.12265363335609436
0.9011462330818176
0.17558033764362335
0.26091641187667847
0.5056387186050415
0.365244597196579
0.5437114238739014
0.26942718029022217
0.17319372296333313
0.3317461311817169
0.5368795990943909
0.4983690679073334
0.19316066801548004
0.8704828023910522
0.8321524262428284
0.43833646178245544
0.09754496812820435
0.41684892773628235
0.780369222164154
0.8855921030044556
0.22688764333724976
0.7651468515396118
0.33632832765579224
0.36281242966651917
0.4925723671913147
0.6884323954582214
0.1409694105386734
0.47237637639045715
0.3201931416988373
0.6877213716506958
0.9334938526153564
0.2993778884410858
0.9108128547668457
0.26389041543006897
0.9459201097488403
0.08941838145256042
0.9916572570800781
0.8164879083633423
0.9653682708740234
0.9599049091339111
0.5665212273597717
0.29861369729042053
0.3584514856338501
0.9133705496788025
0.7085267305374146
0.3875952661037445
0.18295441567897797
0.18784204125404358
0.35187190771102905
0.8252601027488708
0.9106810092926025
0.8032020330429077
0.6039296388626099
0.9118454456329346
0.34442469477653503
0.912091851234436
0.5485462546348572
0.1854618340730667
0.3560994565486908
0.8747609257698059
0.2936617136001587
0.8679001927375793
0.4033188223838806
0.03125894069671631
0.5687287449836731
0.40929654240608215
0.5700008869171143
0.34036746621131897
0.5207386612892151
0.8416356444358826
0.8546556234359741
0.8448842167854309
0.9457216858863831
0.5050274729728699
0.11861041933298111
0.15729355812072754
0.1733422726392746
0.12475651502609253
0.2781876027584076
0.9393112063407898
0.10750333219766617
0.9802565574645996
0.6958205699920654
0.576988160610199
0.6755293011665344
0.8368116021156311
0.5726065039634705
0.960149347782135
0.06239224970340729
0.9925671815872192
0.5793598294258118
0.6526438593864441
0.31086719036102295
0.24336153268814087
0.24843774735927582
0.6229090094566345
0.6313170790672302
0.4146572947502136
0.5718173384666443
0.8170592784881592
0.38477349281311035
0.29979729652404785
0.7444950342178345
0.632512629032135
0.15393561124801636
0.3226912021636963
0.19709324836730957
0.9696225523948669
0.7491201162338257
0.1895703226327896
0.85918790102005
0.21008406579494476
0.36314037442207336
0.11507166177034378
0.3134033977985382
0.06210322678089142
0.22762930393218994
0.5899462699890137
0.9508163928985596
0.5258828997612
0.664444625377655
0.745750904083252
0.6142484545707703
0.44019412994384766
0.048570189625024796
0.7060152888298035
0.5291932821273804
0.5437349081039429
0.8814252018928528
0.21937792003154755
0.17500647902488708
0.5734283924102783
0.8555903434753418
0.22991999983787537
0.12651367485523224
0.17958328127861023
0.9041099548339844
0.9877682328224182
0.40746843814849854
0.37919801473617554
0.8600106835365295
0.5223391652107239
0.5489094853401184
0.561688244342804
0.5786693692207336
0.8988263607025146
0.42672795057296753
0.10304239392280579
0.7058345675468445
0.9747435450553894
0.9578271508216858
0.4658031463623047
0.5804561972618103
0.3467591106891632
0.9302274584770203
0.9557009935379028
0.8669353127479553
0.5885033011436462
0.9659591913223267
0.4522193670272827
0.5887326598167419
0.8260117173194885
0.28983286023139954
0.9455129504203796
0.7002193927764893
0.08620429039001465
0.8355228900909424
0.991295337677002
0.9778823256492615
0.5181203484535217
0.9915213584899902
0.6194426417350769
0.2646673619747162
0.658711314201355
0.7550696134567261
0.9580241441726685
0.8061334490776062
0.3063228726387024
0.18639816343784332
0.9084807634353638
0.9775869250297546
0.5388692617416382
0.15201912820339203
0.35306963324546814
0.8124449849128723
0.9768139719963074
0.7762961387634277
0.6025373339653015
0.9462970495223999
0.08248675614595413
0.5010562539100647
0.8689602613449097
0.7692480683326721
0.9270801544189453
0.17855298519134521
0.2760155498981476
0.9600480198860168
0.6577919125556946
0.2223508656024933
0.24692955613136292
0.4443553686141968
0.9556288123130798
0.9115806818008423
0.8429927229881287
0.9383264183998108
0.6229238510131836
0.18524526059627533
0.7471631765365601
0.23388881981372833
0.350105345249176
0.5252668857574463
0.6002157330513
0.8733528852462769
0.6161697506904602
0.5966484546661377
0.6780455112457275
0.25706782937049866
0.7008390426635742
0.9913882613182068
0.14458602666854858
0.9729015231132507
0.7401005029678345
0.8507336378097534
0.6973187327384949
0.04393341764807701
0.5485879182815552
0.10915644466876984
0.7635935544967651
0.7181063294410706
0.2935251295566559
0.6295129656791687
0.07610830664634705
0.8163570165634155
0.45261284708976746
0.35136866569519043
0.6265394687652588
0.09288477152585983
0.5633594989776611
0.8932350277900696
0.9678434729576111
0.42600017786026
0.9590120911598206
0.30617815256118774
0.2677600383758545
0.21049538254737854
0.9546581506729126
0.9208218455314636
0.5122819542884827
0.3544442653656006
0.9663407802581787
0.8670233488082886
0.5229492783546448
0.8024587631225586
0.7786663770675659
0.5398569107055664
0.18629588186740875
0.7148885726928711
0.9278614521026611
0.986040472984314
0.49204492568969727
0.37837544083595276
0.14556348323822021
0.9669859409332275
0.7266918420791626
0.6194903254508972
0.18035292625427246
0.5919613838195801
0.42256593704223633
0.9772929549217224
0.9263725280761719
0.7460237145423889
0.26231515407562256
0.3831672966480255
0.2512536644935608
0.718478262424469
0.5220003724098206
0.39393049478530884
0.23051130771636963
0.7624944448471069
0.5373378396034241
0.6318584680557251
0.5296632647514343
0.7856601476669312
0.9591065645217896
0.15953972935676575
0.9481184482574463
0.08158773928880692
0.34096720814704895
0.6377208232879639
0.031031500548124313
0.3314457833766937
0.48843783140182495
0.8857872486114502
0.17606304585933685
0.5064095854759216
0.8340942859649658
0.9878823757171631
0.5297344923019409
0.9015138745307922
0.34067201614379883
0.7353342771530151
0.9707902073860168
0.3971240520477295
0.8127568960189819
0.2783007025718689
0.2786531448364258
0.152511864900589
0.5255325436592102
0.10327934473752975
0.8301019668579102
0.3098931908607483
0.1341991275548935
0.30378103256225586
0.22585351765155792
0.8384928107261658
0.3543371260166168
0.1724236011505127
0.9184154868125916
0.2573431134223938
0.7449896931648254
0.7979205250740051
0.42373350262641907
0.5615928173065186
0.5490647554397583
0.21769075095653534
0.7580578923225403
0.2714051902294159
0.8644970059394836
0.14267469942569733
0.12655262649059296
0.0676625519990921
0.4181775748729706
0.9158086776733398
0.193905308842659
0.49798551201820374
0.18481190502643585
0.5690352320671082
0.5646824240684509
0.24953262507915497
0.2663286328315735
0.1792980134487152
0.9486008286476135
0.28985852003097534
0.7240840196609497
0.04051964357495308
0.09920704364776611
0.32890430092811584
0.7191675901412964
0.5159295797348022
0.06446351855993271
0.6358925700187683
0.09151370078325272
0.7820854783058167
0.5953863859176636
0.7471218109130859
0.9762359261512756
0.502545177936554
0.9178930521011353
0.9324264526367188
0.9885118007659912
0.28012868762016296
0.5622192621231079
0.12586647272109985
0.876664400100708
0.4086354374885559
0.31347230076789856
0.11585351079702377
0.10139910131692886
0.07492103427648544
0.4701092541217804
0.8542826771736145
0.9765365123748779
0.8584755659103394
0.10808643698692322
0.17554640769958496
0.39554351568222046
0.9271867275238037
0.17303727567195892
0.5102202296257019
0.05608189105987549
0.9543622136116028
0.5250576138496399
0.6782861351966858
0.34932219982147217
0.5035866498947144
0.4303441047668457
0.8784250617027283
0.040280554443597794
0.15509968996047974
0.6065781116485596
0.9829031825065613
0.8685047030448914
0.08628088235855103
0.19163483381271362
0.7536261081695557
0.5920817852020264
0.552236020565033
0.4032142758369446
0.8751587867736816
0.5166374444961548
0.9719512462615967
0.9681451916694641
0.8377074599266052
0.22497059404850006
0.7494368553161621
0.7361519932746887
0.14659373462200165
0.8561990857124329
0.697769284248352
0.07267730683088303
0.080216184258461
0.49006956815719604
0.7750670313835144
0.5365288257598877
0.13866473734378815
0.20526091754436493
0.5833647847175598
0.4911271631717682
0.8496602177619934
0.9589030742645264
0.22868084907531738
0.6228138208389282
0.3546322286128998
0.6965045928955078
0.5046533346176147
0.9388185739517212
0.4070626199245453
0.8953536748886108
0.7318996787071228
0.8675820827484131
0.2699730694293976
0.9951226115226746
0.23278562724590302
0.876776933670044
0.16037853062152863
0.8791211843490601
0.4698100686073303
0.968582272529602
0.2059813141822815
0.7432480454444885
0.5757420063018799
0.6086984872817993
0.35697510838508606
0.59733647108078
0.8984081745147705
0.2855612337589264
0.773024320602417
0.9334313273429871
0.7444769144058228
0.9633184671401978
0.4385066628456116
0.49769043922424316
0.6076755523681641
0.9605372548103333
0.6718724966049194
0.7325798273086548
0.7981989979743958
0.5251137614250183
0.5622369647026062
0.7201917171478271
0.2892548143863678
0.9231287837028503
0.35681915283203125
0.725976288318634
0.5595365166664124
0.14932918548583984
0.24077454209327698
0.8369922041893005
0.11034505814313889
0.6687943935394287
0.10255197435617447
0.8902023434638977
0.43615299463272095
0.09283368289470673
0.2013361006975174
0.6427791118621826
0.5890800952911377
0.959595799446106
0.5040163993835449
0.7261855602264404
0.10403433442115784
0.4959595501422882
0.3557269871234894
0.7011972069740295
0.5372637510299683
0.3892047107219696
0.9800282716751099
0.5137215852737427
0.5989068746566772
0.1534847617149353
0.28994420170783997
0.06287582963705063
0.6554407477378845
0.5141313672065735
0.17514251172542572
0.7616064548492432
0.580913782119751
0.11909424513578415
0.25030919909477234
0.07485528290271759
0.9613701105117798
0.31675079464912415
0.5460229516029358
0.9162536263465881
0.6989085674285889
0.16950121521949768
0.848181962966919
0.17647047340869904
0.622939944267273
0.9446695446968079
0.39507102966308594
0.36707472801208496
0.6556054949760437
0.3793722689151764
0.5601800084114075
0.7624375820159912
0.9510412216186523
0.06339700520038605
0.3315298855304718
0.20305278897285461
0.16328953206539154
0.8762994408607483
0.6487696766853333
0.49045494198799133
0.22019115090370178
0.7039258480072021
0.6863749623298645
0.9592929482460022
0.9380118250846863
0.7091450095176697
0.7691080570220947
0.9418199062347412
0.566568911075592
0.9968247413635254
0.28249391913414
0.34453290700912476
0.14906318485736847
0.4126088321208954
0.8131219148635864
0.441413551568985
0.5644965171813965
0.034170880913734436
0.07083260267972946
0.12429940700531006
0.7825592160224915
0.6486969590187073
0.4716126322746277
0.7811083793640137
0.3566288948059082
0.32031017541885376
0.40569475293159485
0.8167355060577393
0.5748296976089478
0.7565595507621765
0.7669347524642944
0.6981346011161804
0.5538156628608704
0.6135791540145874
0.5229283571243286
0.9408947229385376
0.602357804775238
0.18956241011619568
0.06086568534374237
0.35171452164649963
0.9168291687965393
0.9400203227996826
0.7538700699806213
0.19824683666229248
0.4491371810436249
0.21273577213287354
0.7047426104545593
0.5813543200492859
0.07138139754533768
0.5186539888381958
0.7582566142082214
0.9593271613121033
0.27348363399505615
0.32939714193344116
0.8863433003425598
0.9647535085678101
0.3022608160972595
0.8902952075004578
0.8853498101234436
0.7775507569313049
0.8587387204170227
0.254781037569046
0.5926387310028076
0.6251416206359863
0.2960774004459381
0.8471428751945496
0.37887898087501526
0.3050061762332916
0.6184086799621582
0.9295571446418762
0.9196075797080994
0.9054972529411316
0.9599195122718811
0.9875996112823486
0.7661980986595154
0.9302534461021423
0.8838544487953186
0.21967467665672302
0.06553701311349869
0.46120917797088623
0.5386566519737244
0.5432096123695374
0.9041240215301514
0.13119801878929138
0.3676954209804535
0.9911670088768005
0.6277985572814941
0.1099579930305481
0.9225642085075378
0.2574683129787445
0.12481947988271713
0.24177305400371552
0.8897618651390076
0.757432222366333
0.8990247249603271
0.39810487627983093
0.5876691341400146
0.794353723526001
0.8824554085731506
0.5534843802452087
0.14536626636981964
0.7723357677459717
0.2723965048789978
0.17548324167728424
0.40684884786605835
0.6228837370872498
0.4550814926624298
0.12376931309700012
0.775522768497467
0.26676517724990845
0.8491306900978088
0.10700459033250809
0.10156691074371338
0.1558266431093216
0.9041005969047546
0.18101422488689423
0.6424185037612915
0.15685014426708221
0.27590033411979675
0.3555011451244354
0.1329730600118637
0.3801579177379608
0.28991881012916565
0.7516980171203613
0.11654944717884064
0.5516641736030579
0.6258420348167419
0.43236440420150757
0.13897942006587982
0.8778328895568848
0.6185522079467773
0.8861174583435059
0.6214137077331543
0.4422058165073395
0.95252925157547
0.4851338267326355
0.9637224078178406
0.3370596468448639
0.7899268865585327
0.882558286190033
0.21258139610290527
0.9393694996833801
0.9628012180328369
0.8178315162658691
0.9908671379089355
0.14087563753128052
0.6053714752197266
0.49773719906806946
0.48345547914505005
0.6163244247436523
0.7182658910751343
0.2558583617210388
0.6357232332229614
0.9655142426490784
0.24012696743011475
0.1442686915397644
0.9340652227401733
0.38642916083335876
0.7755008339881897
0.5891368985176086
0.9528931379318237
0.35056155920028687
0.4717137813568115
0.9101449251174927
0.34028786420822144
0.30476510524749756
0.3311241567134857
0.27394846081733704
0.9742894768714905
0.6365087032318115
0.37985655665397644
0.05715661123394966
0.42824846506118774
0.37195494771003723
0.3643570840358734
0.9257540106773376
0.47360262274742126
0.06414524465799332
0.20321327447891235
0.8602842688560486
0.4847930073738098
0.5688078999519348
0.10669785737991333
0.3735380172729492
0.0830383151769638
0.22716954350471497
0.9532325863838196
0.5548710823059082
0.12339109182357788
0.7396920323371887
0.6454683542251587
0.22570376098155975
0.6668809056282043
0.8482434749603271
0.690757155418396
0.9791821241378784
0.3295747935771942
0.8257259130477905
0.17409400641918182
0.5951701402664185
0.6357536315917969
0.9811856150627136
0.36546605825424194
0.030204150825738907
0.8037163019180298
0.8465215563774109
0.8018484115600586
0.9746583104133606
0.39118853211402893
0.583054780960083
0.7433386445045471
0.6605526208877563
0.36866313219070435
0.8811227679252625
0.11335081607103348
0.6696228384971619
0.24527445435523987
0.765423595905304
0.7997509837150574
0.961273193359375
0.24196630716323853
0.5710281133651733
0.7077292203903198
0.33013060688972473
0.27983781695365906
0.1996866911649704
0.15682512521743774
0.12388375401496887
0.3596826195716858
0.07283680886030197
0.9322373270988464
0.08525697141885757
0.8725877404212952
0.8185189962387085
0.7765791416168213
0.6113358736038208
0.7632352113723755
0.9774240255355835
0.43065136671066284
0.17289307713508606
0.3160872161388397
0.7446279525756836
0.3307264745235443
0.9671760201454163
0.7500157356262207
0.15787391364574432
0.5429777503013611
0.12261144071817398
0.8700273633003235
0.07351221144199371
0.9551970362663269
0.13872714340686798
0.1229177862405777
0.8327471017837524
0.6173528432846069
0.3947879672050476
0.7661559581756592
0.3104504942893982
0.17742688953876495
0.7187601923942566
0.8075051307678223
0.5927088260650635
0.16849157214164734
0.489812433719635
0.8994526267051697
0.9311586618423462
0.814094603061676
0.9389066696166992
0.1275508552789688
0.23292353749275208
0.12307146191596985
0.585207998752594
0.04485522210597992
0.5833081007003784
0.7950019836425781
0.21195335686206818
0.14493489265441895
0.4193873405456543
0.8716115355491638
0.9457803964614868
0.5161451101303101
0.9394322037696838
0.5275914072990417
0.3942619860172272
0.13049276173114777
0.8954293727874756
0.3709622323513031
0.857893705368042
0.545534610748291
0.2919067442417145
0.3619537949562073
0.3225520849227905
0.12833327054977417
0.06985358148813248
0.1405726671218872
0.1720575988292694
0.21200798451900482
0.26399821043014526
0.8498212695121765
0.9379328489303589
0.8097618222236633
0.8774341344833374
0.9389230608940125
0.6439566612243652
0.9848353862762451
0.8331181406974792
0.9424218535423279
0.7621943354606628
0.5819795727729797
0.9065866470336914
0.3014070391654968
0.4027545750141144
0.0634796991944313
0.46308591961860657
0.7571722269058228
0.7049246430397034
0.8889808058738708
0.9745893478393555
0.908890962600708
0.27458885312080383
0.9204707741737366
0.36473706364631653
0.7300902605056763
0.4048074185848236
0.4467221796512604
0.9108454585075378
0.9828335046768188
0.9726518988609314
0.1234414204955101
0.6693417429924011
0.8950231671333313
0.793454110622406
0.20361284911632538
0.620973527431488
0.5785435438156128
0.9833530187606812
0.38972094655036926
0.9885537624359131
0.8661892414093018
0.40196871757507324
0.8273521661758423
0.05762586370110512
0.31865885853767395
0.7809731364250183
0.9391260147094727
0.9684492945671082
0.45370814204216003
0.2819662392139435
0.3724023699760437
0.8722027540206909
0.91583251953125
0.5808411836624146
0.5918556451797485
0.38289955258369446
0.5292518734931946
0.9242098331451416
0.09004436433315277
0.8861097693443298
0.8811896443367004
0.799930214881897
0.21181979775428772
0.11240838468074799
0.6507891416549683
0.9069044589996338
0.8237685561180115
0.24660800397396088
0.3340950906276703
0.23129308223724365
0.4080297350883484
0.05137523636221886
0.5293858647346497
0.7556290030479431
0.7962549328804016
0.8171135783195496
0.06114083155989647
0.6184474229812622
0.6246874332427979
0.10023083537817001
0.6396015882492065
0.18192072212696075
0.31470435857772827
0.07067733258008957
0.4757338762283325
0.8803405165672302
0.9060221314430237
0.9315597414970398
0.1960487961769104
0.931743323802948
0.3492857813835144
0.8120831847190857
0.4120546281337738
0.2937893867492676
0.1799376904964447
0.6013132929801941
0.690249502658844
0.09585382044315338
0.5778647661209106
0.9508492350578308
0.531592845916748
0.2566719353199005
0.5521914958953857
0.19500833749771118
0.4601260721683502
0.16619674861431122
0.3534514009952545
0.625083863735199
0.47332093119621277
0.8798128962516785
0.6440412998199463
0.20459233224391937
0.48438844084739685
0.2732406556606293
0.7193750143051147
0.06523197889328003
0.18191012740135193
0.9329588413238525
0.37368151545524597
0.3826495409011841
0.9745158553123474
0.34566444158554077
0.9366994500160217
0.33076968789100647
0.9749494194984436
0.9599449038505554
0.7321798801422119
0.3594196140766144
0.7595866322517395
0.6587881445884705
0.8533109426498413
0.4098571240901947
0.33735665678977966
0.9660995006561279
0.155575230717659
0.07184398174285889
0.8877444267272949
0.8920689821243286
0.29477420449256897
0.6564023494720459
0.9458933472633362
0.14154934883117676
0.9433442950248718
0.048785462975502014
0.9840152263641357
0.3681303560733795
0.4588688910007477
0.9909008741378784
0.7807275056838989
0.39579281210899353
0.36004582047462463
0.18164299428462982
0.31481704115867615
0.9702838063240051
0.8817539215087891
0.36649513244628906
0.32069653272628784
0.7026183605194092
0.06788434833288193
0.5049992799758911
0.12807390093803406
0.29777881503105164
0.45288169384002686
0.11016254127025604
0.6442055106163025
0.504379153251648
0.5670945048332214
0.8689293265342712
0.36672449111938477
0.10139379650354385
0.31724533438682556
0.2129785269498825
0.47823384404182434
0.13821099698543549
0.47861573100090027
0.1982722282409668
0.5549382567405701
0.6718834042549133
0.9706026315689087
0.21890892088413239
0.1912032514810562
0.3963049352169037
0.2137039452791214
0.20341043174266815
0.19164787232875824
0.17125527560710907
0.4074160158634186
0.768603503704071
0.11537935584783554
0.06256403028964996
0.46478578448295593
0.7318152785301208
0.7820428013801575
0.06111431121826172
0.298794150352478
0.18019312620162964
0.15133355557918549
0.8828626871109009
0.4450634717941284
0.107886403799057
0.8108065128326416
0.6003918051719666
0.310815691947937
0.8790839910507202
0.6737827062606812
0.10545523464679718
0.31772661209106445
0.222450390458107
0.22923216223716736
0.9055905938148499
0.174711212515831
0.9626906514167786
0.24660956859588623
0.24842362105846405
0.4141889214515686
0.21485145390033722
0.319313108921051
0.7911033034324646
0.8287850022315979
0.15061767399311066
0.9210853576660156
0.42558568716049194
0.7272406816482544
0.29657626152038574
0.8842705488204956
0.4436749219894409
0.889954686164856
0.9371442794799805
0.24484090507030487
0.7671847939491272
0.12546776235103607
0.504204273223877
0.10177478194236755
0.8573150038719177
0.7400131821632385
0.8207877278327942
0.3597426116466522
0.23232044279575348
0.38081586360931396
0.5495791435241699
0.8411484956741333
0.9160696268081665
0.36257725954055786
0.945200502872467
0.8209501504898071
0.2168286144733429
0.3431878089904785
0.8643564581871033
0.9368457794189453
0.8391366004943848
0.15901386737823486
0.4057954251766205
0.07236557453870773
0.7997286915779114
0.4990171492099762
0.23691046237945557
0.5227084755897522
0.4381575584411621
0.9364364743232727
0.48560068011283875
0.09265755116939545
0.2262897938489914
0.5567744970321655
0.9072259068489075
0.7685507535934448
0.24511542916297913
0.7858332395553589
0.8227978348731995
0.8299797773361206
0.34018802642822266
0.7978412508964539
0.5971700549125671
0.7503052949905396
0.6789503693580627
0.9065550565719604
0.760840892791748
0.30427029728889465
0.39091017842292786
0.2414923906326294
0.394918292760849
0.6045655608177185
0.990240216255188
0.5771815776824951
0.4480664134025574
0.12562797963619232
0.7409541606903076
0.8702816367149353
0.9582774043083191
0.6289904713630676
0.6500950455665588
0.8513545393943787
