8.500815391540527
10.871240615844727
10.663013458251953
6.443881988525391
11.034119606018066
10.02151870727539
8.26456069946289
12.376529693603516
7.9707136154174805
8.873021125793457
9.28987979888916
7.119071960449219
8.564302444458008
9.010997772216797
7.960029125213623
11.587162017822266
8.518289566040039
9.726496696472168
8.336457252502441
9.80577278137207
6.539508819580078
9.507425308227539
6.927189826965332
9.405477523803711
8.988991737365723
10.716853141784668
9.71099853515625
8.011445999145508
7.379190921783447
8.798678398132324
8.122943878173828
8.026265144348145
10.423515319824219
6.488578796386719
8.53843879699707
11.463749885559082
6.599396228790283
8.416910171508789
9.824377059936523
9.631989479064941
10.414390563964844
8.628562927246094
10.79411506652832
8.009108543395996
7.109181880950928
9.208460807800293
8.047102928161621
10.378664016723633
7.158114433288574
9.505205154418945
8.532173156738281
8.007505416870117
10.639056205749512
8.578575134277344
7.039499282836914
10.170894622802734
10.71466064453125
7.66058349609375
6.596477508544922
6.689405918121338
10.448705673217773
8.060097694396973
11.123024940490723
8.361562728881836
8.306936264038086
9.06260871887207
7.578392505645752
7.153563022613525
9.6758394241333
10.758415222167969
9.789960861206055
11.764591217041016
8.556585311889648
10.49561882019043
10.454071044921875
11.843437194824219
9.69003677368164
8.58918285369873
7.2497358322143555
10.669402122497559
7.170406341552734
9.77619743347168
8.538673400878906
9.623802185058594
7.860787868499756
9.770545959472656
9.686588287353516
8.054815292358398
10.07335376739502
11.293914794921875
7.083492755889893
8.98295783996582
10.06479263305664
11.163448333740234
5.742648124694824
7.812159538269043
7.064801216125488
8.028841972351074
8.837739944458008
7.852128505706787
6.342609405517578
10.022396087646484
10.993118286132812
10.713114738464355
8.637323379516602
8.572644233703613
6.65478515625
10.595853805541992
8.25292682647705
7.019824504852295
5.825625419616699
8.200172424316406
9.773397445678711
8.64332389831543
10.992395401000977
6.886838912963867
11.118660926818848
11.437942504882812
12.84805965423584
10.171734809875488
8.10037612915039
8.096769332885742
7.640280723571777
9.398052215576172
6.581024646759033
10.753320693969727
7.288213729858398
6.829924583435059
10.722270965576172
7.1473708152771
9.690223693847656
8.20435905456543
7.325923919677734
10.5655517578125
7.210317611694336
11.34695053100586
9.437843322753906
8.57412338256836
9.903374671936035
7.28517484664917
12.304723739624023
5.299929618835449
5.190786361694336
7.305434226989746
8.331461906433105
10.600626945495605
8.549570083618164
8.214305877685547
6.71498966217041
5.627875328063965
8.545687675476074
10.216283798217773
8.56192398071289
9.167669296264648
10.457919120788574
5.969738960266113
5.045164108276367
8.405302047729492
7.650897026062012
8.642459869384766
10.186716079711914
10.994997024536133
7.426352500915527
11.88868522644043
9.161648750305176
13.070110321044922
8.386448860168457
10.610998153686523
10.37336540222168
11.394296646118164
8.618600845336914
10.449747085571289
5.097780227661133
8.138370513916016
10.738274574279785
9.327049255371094
9.950448989868164
6.44291877746582
7.6193108558654785
11.37405014038086
9.683486938476562
7.725164413452148
8.686330795288086
9.567900657653809
10.62203311920166
8.731451034545898
9.403512954711914
9.562562942504883
9.474303245544434
7.208014011383057
7.120835304260254
9.89024543762207
8.703277587890625
13.490654945373535
12.058609962463379
8.466978073120117
11.950689315795898
9.407119750976562
9.141644477844238
11.509222030639648
8.970348358154297
11.503240585327148
9.392118453979492
7.250319957733154
11.053914070129395
9.293222427368164
10.650069236755371
8.376307487487793
9.155946731567383
9.645923614501953
9.368928909301758
6.227883338928223
11.395359992980957
7.467679023742676
12.2346773147583
10.987699508666992
6.246891498565674
10.148361206054688
8.400201797485352
10.68832778930664
9.240137100219727
5.609672546386719
9.566352844238281
10.623270034790039
9.051529884338379
9.175495147705078
9.885257720947266
10.47170639038086
10.060253143310547
10.569759368896484
9.059452056884766
6.574882984161377
10.556398391723633
9.909733772277832
7.030521869659424
8.47315788269043
11.783248901367188
9.912080764770508
10.338912963867188
11.78622817993164
11.5675048828125
10.578954696655273
5.645999908447266
9.873870849609375
9.154016494750977
9.615106582641602
7.231423377990723
8.38859748840332
10.457890510559082
6.073138236999512
5.792386054992676
9.023319244384766
10.70928955078125
9.026714324951172
7.4623517990112305
8.459291458129883
8.410240173339844
9.485065460205078
8.701343536376953
8.71489143371582
5.520888328552246
8.42696762084961
10.397089958190918
10.586591720581055
8.473197937011719
9.301586151123047
8.252660751342773
7.721985816955566
10.488000869750977
12.049370765686035
10.694034576416016
7.311513900756836
7.824769973754883
9.529013633728027
9.535379409790039
7.675444602966309
6.0863542556762695
7.594485759735107
8.112237930297852
7.255553245544434
9.327482223510742
10.940202713012695
10.010104179382324
8.001347541809082
7.9751176834106445
11.458370208740234
8.322784423828125
10.534587860107422
13.046942710876465
11.030029296875
12.58953857421875
11.308782577514648
10.843517303466797
11.020662307739258
12.639328002929688
8.199983596801758
10.023931503295898
11.197834014892578
8.534308433532715
8.944269180297852
11.047331809997559
9.12969970703125
10.93853759765625
8.52046012878418
8.716772079467773
7.533200740814209
12.744772911071777
9.487798690795898
10.285285949707031
6.303369998931885
8.893104553222656
9.130073547363281
8.34439468383789
10.942026138305664
4.788859844207764
10.117273330688477
7.732118606567383
10.51311206817627
9.264398574829102
7.958460807800293
9.522299766540527
7.495893955230713
9.472131729125977
9.04239559173584
10.714157104492188
8.435969352722168
6.422313690185547
11.612615585327148
10.831977844238281
11.44597053527832
13.328240394592285
9.27057933807373
10.244100570678711
9.775470733642578
11.981134414672852
12.525477409362793
9.932641983032227
9.184499740600586
8.050374984741211
6.479596138000488
9.838052749633789
9.80626392364502
7.966677665710449
8.46908187866211
10.461252212524414
7.937384605407715
7.403104782104492
9.141457557678223
11.483305931091309
6.254358291625977
9.136993408203125
8.938765525817871
9.297685623168945
8.448858261108398
7.917725086212158
8.455307960510254
13.126012802124023
10.38796615600586
7.830337047576904
8.734176635742188
9.101675033569336
5.590550422668457
8.345423698425293
8.268274307250977
10.753591537475586
10.20177936553955
7.40648889541626
6.620901107788086
6.990894794464111
6.379744529724121
11.173458099365234
7.622059345245361
7.019726753234863
10.660394668579102
11.126141548156738
11.662755966186523
6.650269508361816
8.859716415405273
6.4118852615356445
10.992029190063477
8.598085403442383
8.967546463012695
5.0033674240112305
7.887526988983154
10.548404693603516
7.68501091003418
13.218338966369629
9.022178649902344
10.399235725402832
8.9658203125
10.331172943115234
9.635595321655273
11.295635223388672
7.722732067108154
10.679183959960938
9.062365531921387
9.147102355957031
11.517638206481934
13.630305290222168
8.421512603759766
5.752318382263184
11.025812149047852
8.188333511352539
12.165910720825195
10.378223419189453
12.128450393676758
7.570489883422852
10.558130264282227
6.344317436218262
12.556788444519043
13.494970321655273
11.181622505187988
8.690054893493652
7.973389625549316
7.5623321533203125
9.693540573120117
9.89580249786377
11.234040260314941
10.340916633605957
9.60963249206543
6.50071382522583
7.3301544189453125
9.420980453491211
8.634299278259277
8.817512512207031
7.288832664489746
8.612751960754395
5.991926193237305
11.95661735534668
10.481998443603516
6.627820014953613
11.643516540527344
9.08803939819336
11.40071964263916
9.812490463256836
8.980060577392578
10.215030670166016
7.81955623626709
10.158220291137695
6.326503753662109
9.25753402709961
10.889446258544922
9.129016876220703
10.353870391845703
6.395763874053955
8.820988655090332
7.87453556060791
10.937029838562012
9.366167068481445
12.205129623413086
10.899042129516602
9.642093658447266
7.501577854156494
7.608065605163574
7.245059013366699
10.359313011169434
9.079166412353516
8.156115531921387
9.713861465454102
7.832600116729736
7.124811172485352
9.577032089233398
5.976592063903809
9.041404724121094
10.642990112304688
5.060267925262451
11.24459171295166
7.462774276733398
6.1100754737854
8.713433265686035
11.571407318115234
8.258331298828125
11.173968315124512
12.082982063293457
7.002910614013672
9.86650276184082
12.871732711791992
10.064929962158203
12.059693336486816
9.345861434936523
8.137079238891602
6.896575927734375
8.697696685791016
10.391059875488281
8.798273086547852
7.7017436027526855
8.212546348571777
7.048072814941406
12.573406219482422
10.475109100341797
9.23173713684082
9.957313537597656
10.00019645690918
9.320674896240234
10.327795028686523
7.7861433029174805
9.780282974243164
8.932870864868164
12.800983428955078
6.7990875244140625
7.557610511779785
8.897848129272461
10.645678520202637
10.861507415771484
8.29942512512207
10.100529670715332
6.947139263153076
8.48560619354248
10.206790924072266
10.05198860168457
10.356085777282715
6.328790664672852
10.286579132080078
9.63070297241211
8.716691970825195
10.222043991088867
11.075410842895508
9.779939651489258
5.847833633422852
7.82682466506958
10.442221641540527
6.180862903594971
9.224817276000977
9.797426223754883
9.1183443069458
9.547589302062988
9.464946746826172
9.53608512878418
9.328542709350586
7.955046653747559
12.313774108886719
6.812750816345215
9.643810272216797
8.831650733947754
7.794686317443848
6.197757720947266
9.548742294311523
11.351614952087402
7.568943977355957
7.802058219909668
12.327888488769531
6.581789493560791
6.391674995422363
10.469104766845703
12.288679122924805
11.723037719726562
12.065451622009277
9.708707809448242
6.3198628425598145
8.978565216064453
8.722227096557617
8.548933029174805
8.945474624633789
10.665474891662598
11.818978309631348
6.621337890625
9.237438201904297
10.402322769165039
9.137234687805176
8.044572830200195
10.242897033691406
11.025320053100586
8.490893363952637
9.440326690673828
8.966400146484375
8.949323654174805
10.43760871887207
9.013381958007812
8.351943016052246
8.04107666015625
11.610235214233398
7.378155708312988
6.041258811950684
6.205460548400879
9.946057319641113
9.109432220458984
8.872701644897461
10.24649715423584
7.768589019775391
10.827836990356445
7.605851173400879
10.228647232055664
8.40975570678711
7.607085227966309
9.353157043457031
8.406935691833496
8.06332015991211
5.9416608810424805
12.04987907409668
6.701265811920166
10.089004516601562
9.114721298217773
12.223487854003906
6.271052360534668
6.746292591094971
9.459087371826172
9.983797073364258
10.426471710205078
8.916511535644531
6.47373104095459
6.664106369018555
7.790448188781738
9.850503921508789
8.434688568115234
8.893045425415039
9.977167129516602
7.720450401306152
7.872439861297607
6.875157356262207
7.564129829406738
6.5183916091918945
8.815132141113281
8.926498413085938
8.33338737487793
9.207357406616211
6.713574409484863
8.379215240478516
11.490296363830566
12.02342414855957
8.580792427062988
7.824306488037109
10.622415542602539
8.914812088012695
6.326934814453125
9.45104694366455
8.728422164916992
8.99858283996582
9.833056449890137
8.902883529663086
10.391855239868164
8.668782234191895
10.509092330932617
8.593545913696289
12.147005081176758
10.867246627807617
9.213825225830078
7.479422569274902
10.12625503540039
10.490938186645508
9.010165214538574
6.663416862487793
8.165712356567383
7.05689811706543
6.214020729064941
9.349820137023926
8.145159721374512
6.705358505249023
8.512163162231445
10.792181968688965
9.367895126342773
9.99513053894043
10.28907585144043
10.086617469787598
7.9870686531066895
7.6819658279418945
11.545597076416016
9.475504875183105
9.792403221130371
8.387077331542969
10.803974151611328
6.368014335632324
9.882329940795898
7.038604736328125
6.4477643966674805
7.080560684204102
9.68690299987793
9.024625778198242
9.093212127685547
10.500503540039062
7.156076908111572
6.832647323608398
11.410514831542969
8.35643196105957
8.072519302368164
12.812758445739746
11.875672340393066
9.28475570678711
11.979438781738281
9.311946868896484
6.303544998168945
12.769783020019531
5.644258499145508
9.704638481140137
10.916943550109863
8.718957901000977
7.595314025878906
8.520572662353516
11.950716018676758
9.927087783813477
8.451116561889648
9.049294471740723
10.972640037536621
8.087783813476562
10.715274810791016
9.880093574523926
8.831445693969727
8.738446235656738
9.020147323608398
11.602136611938477
10.049077033996582
8.635068893432617
10.181453704833984
7.870352268218994
8.432319641113281
5.743412971496582
9.53911018371582
9.274227142333984
12.126460075378418
8.591996192932129
9.899322509765625
12.534696578979492
9.275325775146484
8.46474838256836
6.52059268951416
10.762567520141602
10.324460983276367
8.172983169555664
7.343761444091797
7.639354705810547
8.18348503112793
10.90681266784668
9.258563041687012
12.744348526000977
5.241640090942383
6.4249725341796875
8.800274848937988
11.813112258911133
9.137322425842285
12.09997272491455
8.663286209106445
11.859318733215332
7.611603736877441
12.219510078430176
10.542858123779297
7.060155868530273
6.528554916381836
10.589016914367676
10.296089172363281
13.45667839050293
10.236818313598633
6.651944637298584
9.321895599365234
7.728271007537842
7.083670616149902
5.430169105529785
6.319809436798096
7.048757553100586
8.379995346069336
8.959504127502441
11.107604026794434
9.348410606384277
7.268083572387695
8.671428680419922
9.813232421875
9.755741119384766
6.806582927703857
9.862215042114258
9.139986038208008
8.729240417480469
8.613519668579102
8.071496963500977
7.098440647125244
8.546062469482422
7.135794639587402
10.586345672607422
9.984552383422852
10.840970039367676
11.408082962036133
10.199807167053223
11.522530555725098
6.245776176452637
7.762129306793213
5.588420391082764
11.243901252746582
5.306546688079834
9.032997131347656
7.647808074951172
9.90713882446289
13.480630874633789
6.8711090087890625
10.678868293762207
9.719655990600586
12.146259307861328
7.5884175300598145
5.6875529289245605
10.04836654663086
7.066835403442383
8.793503761291504
10.32941722869873
10.476933479309082
11.776618957519531
8.576740264892578
8.967369079589844
6.530308246612549
9.052996635437012
11.277055740356445
12.312828063964844
10.756482124328613
8.587309837341309
11.109406471252441
8.640374183654785
6.719433784484863
7.431401252746582
9.828577041625977
8.452343940734863
10.984272956848145
10.222047805786133
8.78894329071045
11.281067848205566
9.5489501953125
9.819612503051758
11.817357063293457
7.560828685760498
9.92099380493164
9.172359466552734
7.931419849395752
8.615294456481934
10.222827911376953
10.975830078125
10.792610168457031
9.019107818603516
7.580181121826172
11.72265911102295
10.669923782348633
7.53148078918457
9.15927505493164
11.723711013793945
10.666631698608398
12.203804016113281
5.95177698135376
11.0569429397583
5.596068382263184
10.234930038452148
10.57996940612793
12.108911514282227
9.784757614135742
9.618886947631836
8.378119468688965
9.98029899597168
8.500556945800781
9.685186386108398
9.693780899047852
11.163612365722656
9.423151016235352
8.23989200592041
7.119102478027344
10.55189323425293
11.778335571289062
7.6286396980285645
7.677549362182617
6.546773910522461
7.951149940490723
11.94217586517334
9.499541282653809
11.621514320373535
8.759800910949707
10.991774559020996
7.4892377853393555
7.133121013641357
11.770919799804688
8.276911735534668
6.677502632141113
8.777170181274414
8.101005554199219
7.5277862548828125
9.357454299926758
6.502615928649902
12.62208366394043
11.612424850463867
6.283350467681885
6.99649715423584
9.863555908203125
8.52422046661377
12.329301834106445
13.76029109954834
7.325605392456055
10.779891014099121
9.678375244140625
6.98830509185791
8.026286125183105
12.288928985595703
6.453802585601807
8.188823699951172
8.948345184326172
10.11971664428711
9.860557556152344
10.80784797668457
10.660928726196289
10.778044700622559
10.552658081054688
10.92591667175293
6.992366313934326
9.045665740966797
13.539755821228027
8.039799690246582
5.938244342803955
8.190678596496582
10.265816688537598
7.778644561767578
7.764118671417236
7.9113054275512695
7.686444282531738
7.916444778442383
5.969616889953613
8.171106338500977
9.800479888916016
10.5543794631958
7.861233234405518
5.455316066741943
9.643874168395996
8.433218002319336
9.835406303405762
7.8357343673706055
7.565417289733887
7.16871452331543
8.170949935913086
8.28991985321045
10.630386352539062
6.940296173095703
7.273284912109375
9.222097396850586
7.039783954620361
10.872780799865723
8.880725860595703
10.095422744750977
7.048582553863525
10.759008407592773
9.181875228881836
6.146268844604492
10.894454002380371
9.883312225341797
10.670976638793945
7.783718109130859
11.886360168457031
11.171494483947754
6.2804999351501465
9.556087493896484
10.5997314453125
9.07006549835205
7.27944278717041
10.769378662109375
9.126144409179688
11.847173690795898
9.494927406311035
12.639863967895508
9.038599967956543
13.044273376464844
10.661285400390625
9.037801742553711
11.85693359375
7.989245414733887
7.967625617980957
10.07902717590332
8.312437057495117
9.813243865966797
8.86226749420166
8.664665222167969
7.395549774169922
8.09685230255127
9.932609558105469
8.536783218383789
6.339414596557617
10.635757446289062
6.927461624145508
8.13229751586914
13.572482109069824
5.050847053527832
6.75907564163208
10.44938850402832
6.350182056427002
10.511098861694336
9.58381175994873
10.31007194519043
11.745656967163086
10.879572868347168
8.233308792114258
8.40390682220459
9.002958297729492
10.162186622619629
10.436834335327148
9.170628547668457
11.187664031982422
7.995057582855225
6.498876571655273
7.427718639373779
9.087051391601562
9.057952880859375
6.238341331481934
8.159180641174316
6.040661334991455
7.23482608795166
10.911514282226562
9.356653213500977
9.501657485961914
10.613597869873047
10.639647483825684
6.813382148742676
11.324949264526367
7.621755123138428
9.951050758361816
9.13401985168457
10.473180770874023
8.1159086227417
8.15761947631836
8.772130966186523
5.996101379394531
10.131861686706543
10.233705520629883
9.191343307495117
8.682120323181152
11.510377883911133
11.059027671813965
7.523825168609619
10.239009857177734
8.466819763183594
7.538483142852783
7.758604049682617
7.7891526222229
10.125591278076172
10.955537796020508
10.788405418395996
7.80810022354126
9.618584632873535
11.383676528930664
9.633609771728516
9.035087585449219
9.472406387329102
14.279184341430664
11.902853012084961
7.086048126220703
7.125288486480713
9.340385437011719
9.711543083190918
6.482608795166016
9.598161697387695
5.756547927856445
6.871041297912598
7.49753475189209
10.859691619873047
9.821495056152344
8.803707122802734
9.006304740905762
8.818838119506836
9.426074981689453
4.315875053405762
11.402804374694824
8.734015464782715
9.911462783813477
10.1055269241333
7.606093406677246
8.05760383605957
10.468925476074219
10.47007942199707
9.762211799621582
6.722222805023193
11.03148078918457
8.185267448425293
7.131309986114502
6.088507652282715
7.675492286682129
6.820730209350586
8.371156692504883
9.344594955444336
8.750296592712402
12.01883316040039
6.8629655838012695
7.935552597045898
10.108266830444336
7.105509281158447
7.428361892700195
10.891627311706543
7.753704071044922
11.777935028076172
7.284369945526123
9.585912704467773
8.317058563232422
11.864639282226562
9.46645736694336
11.139205932617188
8.208602905273438
12.097267150878906
11.691413879394531
10.360795974731445
9.120512962341309
9.871167182922363
7.264207363128662
11.756078720092773
8.019989967346191
10.695083618164062
5.953733444213867
10.034149169921875
8.989371299743652
10.246344566345215
10.828863143920898
10.689179420471191
10.553153991699219
9.84257698059082
11.262773513793945
7.81424617767334
9.75439453125
11.522430419921875
8.47016429901123
6.945102691650391
8.56890869140625
9.370866775512695
7.743719100952148
10.96999740600586
9.753278732299805
13.308131217956543
10.732634544372559
8.722274780273438
10.247909545898438
8.901269912719727
5.827946662902832
6.668998718261719
7.933081150054932
7.675474166870117
12.053519248962402
10.136469841003418
10.658550262451172
9.470640182495117
7.68095588684082
8.611793518066406
9.861891746520996
7.478089332580566
6.307424545288086
9.728548049926758
9.269065856933594
9.405284881591797
9.223873138427734
10.895841598510742
10.767034530639648
12.647409439086914
8.734682083129883
8.868294715881348
10.243721008300781
8.721303939819336
6.461043834686279
10.130707740783691
13.148416519165039
10.127716064453125
9.868413925170898
7.224987030029297
11.305185317993164
10.886484146118164
8.375007629394531
8.520631790161133
9.906469345092773
6.413401126861572
10.238861083984375
11.208732604980469
6.901455879211426
10.080747604370117
11.316629409790039
10.897053718566895
8.228254318237305
11.119929313659668
8.14763069152832
9.350492477416992
10.776180267333984
9.191213607788086
7.616244792938232
9.140764236450195
11.465675354003906
10.817856788635254
10.914796829223633
10.544628143310547
5.364413261413574
6.767527103424072
10.683231353759766
7.83603572845459
5.809566497802734
11.019665718078613
8.601236343383789
11.935976028442383
8.710204124450684
8.936380386352539
8.314407348632812
9.838330268859863
7.69003963470459
5.921076774597168
10.866937637329102
12.907888412475586
9.646872520446777
8.138788223266602
5.289462566375732
6.969860076904297
8.993583679199219
10.378318786621094
7.29984188079834
7.918176651000977
7.1284894943237305
8.833580017089844
6.599971294403076
13.117737770080566
9.808053970336914
9.37127685546875
8.370397567749023
7.9433088302612305
10.252676963806152
8.273031234741211
12.952936172485352
8.692737579345703
8.583796501159668
7.35820198059082
5.516120910644531
11.22726821899414
9.524927139282227
10.781368255615234
8.620509147644043
12.023152351379395
8.97489070892334
8.12571907043457
8.29249095916748
9.47939395904541
11.241640090942383
11.798620223999023
9.922697067260742
10.265872955322266
8.06263542175293
7.481145858764648
11.387958526611328
9.780111312866211
11.448183059692383
9.986974716186523
9.64975643157959
7.777359485626221
10.05703353881836
8.27806282043457
5.668130397796631
10.710391998291016
10.617753982543945
8.40103530883789
10.58555793762207
9.227277755737305
8.48231315612793
5.345416069030762
8.64195728302002
10.872734069824219
10.650189399719238
7.662567138671875
12.960760116577148
8.787899017333984
9.493635177612305
9.928648948669434
9.005779266357422
10.074420928955078
10.038591384887695
9.856428146362305
12.325180053710938
8.074593544006348
12.824357032775879
10.47359561920166
12.040231704711914
9.260820388793945
6.077420234680176
11.068608283996582
9.68719482421875
11.732247352600098
8.13473129272461
12.585453987121582
8.67974853515625
10.425408363342285
5.500195503234863
9.937049865722656
12.521013259887695
9.963624954223633
8.915165901184082
8.238016128540039
10.804094314575195
7.893738746643066
7.399058818817139
11.575277328491211
8.832715034484863
11.249285697937012
10.136232376098633
8.72195816040039
8.516011238098145
10.169679641723633
8.319812774658203
9.989097595214844
6.835411071777344
8.239425659179688
10.22314739227295
11.958919525146484
10.885329246520996
5.936619281768799
11.234636306762695
7.284290313720703
8.04079532623291
11.914318084716797
10.452058792114258
7.02491569519043
10.175989151000977
7.218878746032715
11.0863037109375
10.137720108032227
11.649932861328125
11.130842208862305
12.138029098510742
9.4313383102417
10.792558670043945
5.894048690795898
8.413736343383789
7.410799026489258
7.714264869689941
11.529518127441406
11.228523254394531
5.9170451164245605
7.790561676025391
8.70152759552002
7.287570953369141
7.725748062133789
6.747035026550293
5.354522705078125
8.118476867675781
6.000298976898193
9.879644393920898
9.322792053222656
7.296614170074463
8.322527885437012
6.559844017028809
12.893651008605957
6.711695671081543
6.837789535522461
10.125768661499023
5.675358772277832
8.932331085205078
10.351102828979492
7.300810813903809
8.348260879516602
9.581024169921875
9.760723114013672
7.33577823638916
9.78586196899414
6.393250942230225
6.756146430969238
6.066750526428223
7.096129894256592
10.018807411193848
8.39094352722168
9.410493850708008
7.410928249359131
8.994034767150879
5.628361701965332
11.343254089355469
10.026683807373047
6.539484977722168
8.33138656616211
9.675759315490723
10.796758651733398
7.697421550750732
8.602274894714355
7.203497886657715
11.664905548095703
11.511123657226562
6.634870529174805
9.85388469696045
10.078266143798828
10.442980766296387
9.088412284851074
7.395627021789551
10.396415710449219
10.333691596984863
10.31489372253418
6.832434177398682
6.766907215118408
7.423684120178223
10.33100700378418
10.3811616897583
9.550893783569336
12.25989818572998
9.138772010803223
5.915696144104004
9.217862129211426
8.7612886428833
8.280840873718262
9.947542190551758
6.377603054046631
8.238530158996582
8.176326751708984
7.412500381469727
8.908073425292969
7.774511814117432
11.47336196899414
10.032032012939453
8.09307861328125
8.5709867477417
8.464208602905273
8.156328201293945
12.025493621826172
9.94491195678711
9.641191482543945
11.581323623657227
11.557761192321777
9.923648834228516
11.704142570495605
6.955108642578125
10.611640930175781
9.973563194274902
7.622875690460205
11.281986236572266
6.744685173034668
6.521648406982422
8.851356506347656
8.662368774414062
9.75879192352295
6.605743885040283
8.289709091186523
11.547844886779785
8.779393196105957
11.543830871582031
9.93091106414795
10.33306884765625
10.541751861572266
9.414484024047852
11.077678680419922
10.969249725341797
11.301115036010742
6.775948524475098
10.684947967529297
9.09682846069336
8.580382347106934
7.420865058898926
7.271241664886475
6.973764419555664
8.630250930786133
10.664314270019531
7.2568206787109375
11.647723197937012
11.377147674560547
8.001927375793457
9.224324226379395
11.045848846435547
7.982822418212891
9.177576065063477
9.488984107971191
10.706337928771973
7.578716278076172
10.623027801513672
9.404523849487305
9.984468460083008
13.18635082244873
7.102364540100098
9.799810409545898
7.780183792114258
7.9868388175964355
9.786142349243164
9.627189636230469
8.20910930633545
10.295230865478516
10.931737899780273
6.22719669342041
9.482027053833008
5.590890884399414
8.365360260009766
10.17752456665039
7.828829288482666
9.243830680847168
7.64656400680542
6.376387596130371
10.751258850097656
10.889065742492676
8.748298645019531
9.249903678894043
9.663261413574219
8.444930076599121
8.755159378051758
6.827336311340332
6.647579669952393
5.902441024780273
12.107070922851562
10.490348815917969
7.335948944091797
6.611173629760742
9.822172164916992
7.880942344665527
9.565683364868164
7.760041236877441
8.146828651428223
9.078304290771484
10.810784339904785
9.108809471130371
11.996345520019531
10.823973655700684
9.074518203735352
10.398752212524414
9.309267044067383
9.787898063659668
7.75105619430542
5.783139705657959
8.733222961425781
11.4398193359375
8.12447738647461
9.460978507995605
10.226638793945312
10.533479690551758
6.172628402709961
7.626642227172852
7.758382320404053
11.160594940185547
13.212160110473633
8.318582534790039
9.969398498535156
10.846292495727539
10.148550033569336
9.6597900390625
9.424507141113281
10.41579818725586
11.386054039001465
12.216894149780273
10.305155754089355
6.936196804046631
9.939447402954102
7.525521755218506
8.54448127746582
11.49859619140625
7.802156448364258
9.133210182189941
7.006567001342773
7.174016952514648
7.091422080993652
7.256216049194336
8.175548553466797
12.604769706726074
7.827291488647461
9.795398712158203
9.307365417480469
10.421993255615234
5.298354148864746
8.16353702545166
7.222171783447266
8.073726654052734
8.334750175476074
13.070966720581055
7.881591320037842
7.485532760620117
6.944334983825684
11.37950325012207
11.272537231445312
6.951320648193359
6.569049835205078
8.638351440429688
8.368014335632324
8.255135536193848
12.008926391601562
10.86054801940918
7.280854225158691
12.39798355102539
9.325311660766602
10.329833984375
6.595782279968262
8.137981414794922
7.443097114562988
8.961520195007324
8.481815338134766
9.420554161071777
11.580787658691406
8.173968315124512
9.303094863891602
6.509200572967529
6.519780158996582
9.987090110778809
7.074313640594482
7.5551886558532715
11.923944473266602
11.04530143737793
8.109790802001953
7.5486860275268555
8.466836929321289
8.138410568237305
12.429096221923828
11.444645881652832
10.848390579223633
8.210756301879883
8.418194770812988
9.20443344116211
8.682086944580078
11.939924240112305
8.659424781799316
6.325557231903076
7.36393928527832
9.423440933227539
9.918025970458984
8.142898559570312
11.461540222167969
8.85042953491211
9.010843276977539
8.88473129272461
4.643906593322754
8.64903450012207
9.528724670410156
5.695472717285156
10.201947212219238
9.070568084716797
9.667304992675781
12.369255065917969
9.194002151489258
12.55066204071045
7.8062520027160645
7.613244533538818
10.425600051879883
10.508611679077148
9.15024185180664
8.136238098144531
7.316371917724609
12.583483695983887
10.815116882324219
10.890229225158691
6.313694953918457
6.45607852935791
8.83649730682373
9.058042526245117
6.027383804321289
10.735536575317383
6.398601531982422
9.574193954467773
7.573426246643066
7.746883392333984
12.90268325805664
9.740205764770508
12.031393051147461
9.494129180908203
12.212352752685547
9.653426170349121
9.029732704162598
6.86848783493042
6.900238513946533
7.889121055603027
8.603766441345215
9.07427978515625
12.394976615905762
7.184111595153809
7.713135719299316
5.928249359130859
10.298358917236328
10.588800430297852
7.88737678527832
10.218986511230469
10.799504280090332
11.239402770996094
10.285457611083984
11.170909881591797
7.811802387237549
10.139453887939453
10.260985374450684
8.083443641662598
8.710718154907227
7.207260608673096
10.941534042358398
11.42446517944336
9.518637657165527
10.3095064163208
8.786458015441895
7.60302734375
8.623193740844727
7.997538089752197
10.595474243164062
9.958822250366211
7.329795837402344
11.657219886779785
11.445226669311523
10.200674057006836
10.119735717773438
8.585456848144531
7.314393997192383
6.848718643188477
9.085400581359863
8.884916305541992
7.817665100097656
9.124468803405762
6.094577789306641
7.119561195373535
8.685041427612305
7.55593204498291
8.244158744812012
11.643304824829102
7.879543781280518
6.7734551429748535
9.603475570678711
8.921070098876953
12.174776077270508
12.126972198486328
6.014510631561279
8.365815162658691
10.660909652709961
12.696212768554688
8.825021743774414
7.431734561920166
12.163334846496582
9.160820960998535
9.882841110229492
7.644546985626221
9.920223236083984
7.9429707527160645
10.501694679260254
8.206694602966309
8.304852485656738
10.984834671020508
6.050620079040527
10.73753833770752
10.343063354492188
10.307601928710938
8.812562942504883
9.822114944458008
8.729316711425781
7.196938991546631
8.159854888916016
8.141182899475098
9.26040267944336
10.136764526367188
6.2447285652160645
8.463722229003906
5.970853805541992
7.261204719543457
8.275324821472168
9.810126304626465
10.27883243560791
7.114348411560059
8.966915130615234
6.09331750869751
10.39957332611084
10.004276275634766
5.497949600219727
10.782264709472656
7.05307674407959
9.533479690551758
8.011402130126953
11.292932510375977
10.055290222167969
9.435877799987793
10.219583511352539
8.87867259979248
9.160436630249023
11.319925308227539
8.253992080688477
6.164027214050293
8.061418533325195
6.593931674957275
13.392616271972656
8.757240295410156
11.992353439331055
6.6042046546936035
7.403409957885742
7.928287506103516
10.375438690185547
7.005439281463623
8.8486328125
9.244275093078613
9.294076919555664
8.6218900680542
10.57705020904541
11.199332237243652
6.678277015686035
8.460649490356445
6.117081165313721
9.974899291992188
7.387468338012695
8.939366340637207
10.265819549560547
9.4498929977417
9.401966094970703
8.078033447265625
9.132898330688477
12.716411590576172
9.814361572265625
10.378297805786133
10.497328758239746
8.751136779785156
11.580083847045898
10.580632209777832
8.722657203674316
6.526493072509766
11.720760345458984
11.13100814819336
8.144176483154297
7.435100555419922
7.917057991027832
8.800793647766113
10.04422664642334
9.213798522949219
7.882440090179443
7.582821846008301
10.326108932495117
11.237634658813477
9.057180404663086
7.46759557723999
10.435575485229492
9.163888931274414
12.01148796081543
10.950170516967773
12.279969215393066
10.988272666931152
9.305133819580078
7.166003227233887
6.936580181121826
7.028866291046143
7.800889015197754
9.148538589477539
7.928313255310059
6.581545829772949
8.332008361816406
4.962718963623047
9.612260818481445
10.100133895874023
9.214805603027344
12.514758110046387
9.740317344665527
12.181809425354004
12.255404472351074
9.262876510620117
9.90254020690918
11.54727554321289
10.651538848876953
7.057480812072754
8.707717895507812
13.183624267578125
8.217514991760254
6.821552276611328
8.691859245300293
6.71041202545166
6.104931354522705
10.057096481323242
11.460775375366211
6.992646217346191
10.756752014160156
8.944196701049805
11.828887939453125
8.457427978515625
11.092902183532715
12.49929428100586
7.1694865226745605
7.950538635253906
11.576801300048828
13.09187126159668
9.850814819335938
9.846017837524414
10.118876457214355
8.244319915771484
10.044120788574219
8.125624656677246
11.007705688476562
7.223481178283691
10.535990715026855
9.486455917358398
10.302162170410156
11.603748321533203
7.758304119110107
11.115272521972656
9.750627517700195
12.766039848327637
9.650832176208496
12.860268592834473
11.477771759033203
9.934253692626953
8.542341232299805
9.990884780883789
9.35959529876709
6.649624824523926
12.210588455200195
9.068856239318848
12.230667114257812
7.072645664215088
7.916767120361328
6.95070743560791
10.94894790649414
10.068463325500488
11.921452522277832
10.992067337036133
10.931549072265625
10.224624633789062
10.416057586669922
8.743680953979492
10.866256713867188
9.54334831237793
6.385321140289307
7.2139973640441895
12.123830795288086
10.847431182861328
9.228981018066406
6.660489082336426
7.718822956085205
8.902953147888184
10.289833068847656
9.474574089050293
8.855169296264648
13.275388717651367
6.585238456726074
8.077163696289062
9.755096435546875
11.213501930236816
8.35580825805664
10.196880340576172
6.997429847717285
7.801844596862793
6.080865859985352
10.315998077392578
10.453962326049805
9.683919906616211
6.928857326507568
5.293362617492676
10.272235870361328
7.12246561050415
7.479798793792725
11.01353645324707
9.006244659423828
8.609997749328613
9.218948364257812
7.060388088226318
5.893232345581055
8.497407913208008
12.821910858154297
7.262929916381836
13.859163284301758
11.71231460571289
9.226884841918945
10.789155960083008
6.18630313873291
8.225563049316406
7.325056552886963
11.79193115234375
7.630556106567383
9.903615951538086
11.332469940185547
10.976863861083984
7.6177873611450195
8.789353370666504
5.994571685791016
10.767240524291992
11.082676887512207
6.467275142669678
8.963653564453125
9.762874603271484
7.311079025268555
6.735912799835205
6.836885452270508
11.425743103027344
10.297956466674805
9.739906311035156
9.435295104980469
9.888717651367188
6.213285446166992
8.313750267028809
9.308990478515625
11.026912689208984
11.185490608215332
6.801147937774658
10.673442840576172
11.009007453918457
8.458101272583008
7.865355491638184
10.65165901184082
11.894561767578125
8.107736587524414
8.39006519317627
10.970914840698242
6.110440731048584
10.370949745178223
6.601963996887207
7.731057167053223
6.92381477355957
8.20028018951416
11.032194137573242
11.378364562988281
10.280411720275879
9.75967025756836
8.946687698364258
11.622564315795898
7.576716899871826
10.256290435791016
9.307403564453125
6.9744462966918945
7.709235668182373
9.716830253601074
10.201074600219727
8.23902702331543
11.440926551818848
9.666505813598633
10.255749702453613
10.737850189208984
8.6040620803833
8.797872543334961
10.496877670288086
8.801969528198242
8.709592819213867
12.151264190673828
8.515869140625
8.194727897644043
10.140538215637207
6.587285995483398
11.387937545776367
10.19781494140625
7.677834510803223
8.829676628112793
11.450044631958008
10.256511688232422
9.872587203979492
8.292449951171875
10.390860557556152
7.692965984344482
7.551196098327637
9.112866401672363
10.476309776306152
10.437383651733398
10.436304092407227
9.995241165161133
6.3649187088012695
13.605356216430664
9.19727897644043
6.486142158508301
7.806210994720459
9.60845947265625
9.382637023925781
11.198081016540527
10.771276473999023
10.167367935180664
10.095118522644043
10.117916107177734
8.051047325134277
10.766704559326172
8.834335327148438
9.151430130004883
9.938955307006836
7.778047561645508
8.1257963180542
8.57519245147705
9.278717041015625
10.250173568725586
10.684831619262695
6.238828659057617
6.651984214782715
8.84925365447998
11.063355445861816
10.39857292175293
5.594325065612793
9.76638412475586
5.772915840148926
10.50831413269043
10.877023696899414
10.262505531311035
12.2661771774292
9.98010540008545
7.236933708190918
5.6104841232299805
7.726378440856934
7.200852394104004
6.667302131652832
9.007624626159668
9.585213661193848
10.282752990722656
11.766473770141602
7.669917106628418
11.112264633178711
8.431267738342285
10.19401741027832
10.387216567993164
8.824125289916992
8.327630043029785
11.560555458068848
7.880033016204834
8.25404167175293
10.97367000579834
9.912476539611816
10.702522277832031
9.65250301361084
8.279571533203125
10.781522750854492
8.073890686035156
11.006979942321777
10.704549789428711
9.894468307495117
6.820064544677734
7.912842273712158
12.71169662475586
7.64825963973999
11.474325180053711
10.419645309448242
9.210097312927246
6.315377235412598
6.921686172485352
10.182464599609375
9.568702697753906
6.891589164733887
9.263458251953125
10.034463882446289
5.834756374359131
9.371001243591309
9.621648788452148
11.734156608581543
5.766777992248535
11.842229843139648
8.409452438354492
8.993663787841797
7.499151706695557
5.96843147277832
8.349903106689453
8.134563446044922
8.310810089111328
9.361410140991211
9.47632884979248
6.25970458984375
7.26190185546875
10.063056945800781
8.760244369506836
4.375929832458496
6.565299987792969
7.584803581237793
6.038214683532715
9.989225387573242
10.407520294189453
8.954275131225586
8.478141784667969
9.877384185791016
10.10025405883789
7.989640235900879
10.255455017089844
8.526073455810547
12.435772895812988
12.16956615447998
11.155949592590332
9.620864868164062
8.833959579467773
9.331777572631836
8.309453964233398
13.07514762878418
9.007104873657227
10.91396713256836
8.493572235107422
10.80062484741211
9.996072769165039
9.655731201171875
10.137713432312012
9.19925594329834
13.43185043334961
9.286354064941406
11.949516296386719
10.495108604431152
9.817853927612305
11.536985397338867
8.08279037475586
6.714548110961914
10.220672607421875
7.84847354888916
10.74325942993164
6.388542175292969
8.907051086425781
9.91874885559082
9.729214668273926
10.274252891540527
13.303535461425781
8.51232624053955
9.768869400024414
7.503194808959961
8.506362915039062
7.758759498596191
10.991109848022461
7.863580703735352
9.165550231933594
6.8485107421875
10.423362731933594
11.530037879943848
9.27354621887207
9.117331504821777
6.711688995361328
7.230311393737793
10.940442085266113
8.055139541625977
11.33761978149414
6.505399227142334
6.016529560089111
5.799600601196289
11.338386535644531
10.255240440368652
8.548135757446289
6.343091011047363
7.560147285461426
10.137785911560059
7.665082931518555
10.766292572021484
10.208290100097656
10.279067993164062
7.013913631439209
6.4050750732421875
8.426054000854492
11.107008934020996
7.486769676208496
10.848238945007324
9.982864379882812
9.572334289550781
9.55492877960205
9.017873764038086
7.739570617675781
9.01075553894043
9.318703651428223
9.095766067504883
8.753639221191406
9.320655822753906
9.62436294555664
9.252193450927734
10.896740913391113
6.028290271759033
12.35742473602295
8.154294967651367
11.552238464355469
11.74726390838623
11.162017822265625
11.024991989135742
13.045576095581055
8.126388549804688
9.656120300292969
6.63115119934082
10.951669692993164
8.27021312713623
8.571117401123047
9.157034873962402
11.339353561401367
10.388269424438477
8.90651798248291
11.535669326782227
12.112089157104492
8.049238204956055
8.149908065795898
8.608592987060547
11.718128204345703
7.627450942993164
9.099382400512695
8.51978588104248
8.088579177856445
10.663561820983887
11.403148651123047
8.657553672790527
9.532837867736816
10.461822509765625
9.545257568359375
6.895622253417969
7.864017486572266
10.147344589233398
6.117018699645996
10.504396438598633
5.822575092315674
5.636255264282227
6.306754112243652
8.857878684997559
6.636170387268066
8.405875205993652
8.355452537536621
6.923142910003662
8.576997756958008
10.940592765808105
9.59292984008789
9.090604782104492
6.472466468811035
8.031639099121094
7.520816802978516
6.340902328491211
5.4690704345703125
9.42798137664795
10.704911231994629
9.13597297668457
6.893352508544922
7.598505020141602
9.392648696899414
11.889080047607422
10.918048858642578
11.738384246826172
9.133420944213867
9.69210433959961
11.398426055908203
7.817429542541504
10.20383071899414
10.731246948242188
10.261354446411133
9.67841625213623
6.356484413146973
10.723597526550293
8.754114151000977
7.3293023109436035
8.833516120910645
10.223335266113281
5.423984527587891
5.750840187072754
10.926815032958984
8.808974266052246
9.906573295593262
9.733847618103027
8.518211364746094
7.0727643966674805
11.00283432006836
10.93292236328125
7.086071014404297
8.14161491394043
9.026815414428711
8.048358917236328
8.617696762084961
11.70828628540039
10.022537231445312
5.338024139404297
12.092517852783203
11.619162559509277
11.802316665649414
10.76669692993164
9.384988784790039
9.43416976928711
8.584123611450195
10.870611190795898
8.872446060180664
10.251882553100586
6.889898300170898
7.411832809448242
8.270608901977539
8.232852935791016
9.653066635131836
10.913349151611328
9.236662864685059
8.663283348083496
10.49794864654541
9.699746131896973
11.283536911010742
5.220858573913574
9.453493118286133
11.414329528808594
10.279223442077637
6.472142696380615
11.43503189086914
8.206184387207031
10.07491683959961
9.339166641235352
5.628751754760742
6.043540954589844
5.461642265319824
10.638615608215332
9.08492660522461
9.003825187683105
10.647353172302246
8.113367080688477
12.686929702758789
10.484465599060059
7.803901672363281
10.72709846496582
8.824226379394531
11.772664070129395
7.219740867614746
11.01467514038086
12.102922439575195
7.377629280090332
9.259622573852539
7.24739933013916
8.263120651245117
10.596952438354492
9.260363578796387
8.17790412902832
8.623129844665527
6.585822105407715
9.503520965576172
8.647247314453125
12.539273262023926
11.657155990600586
8.096717834472656
6.636262893676758
10.698901176452637
9.729209899902344
9.554031372070312
6.673062324523926
9.744670867919922
6.802309989929199
6.71356725692749
9.215791702270508
10.391929626464844
8.890869140625
11.09306526184082
8.804810523986816
9.259651184082031
6.456092834472656
9.997751235961914
8.19230842590332
11.09065055847168
11.267417907714844
10.576973915100098
11.97601318359375
10.749489784240723
10.719610214233398
8.449378967285156
9.851075172424316
9.53500747680664
8.654990196228027
10.049980163574219
11.255386352539062
5.985547065734863
8.63784408569336
8.887979507446289
7.585731506347656
10.032736778259277
8.134896278381348
8.383383750915527
7.699255466461182
10.510986328125
9.084775924682617
6.577909469604492
8.892511367797852
8.653132438659668
9.372861862182617
9.250126838684082
10.41614818572998
11.702451705932617
9.154973983764648
7.379939079284668
8.929661750793457
11.274385452270508
7.662505149841309
9.766458511352539
10.50876522064209
9.145893096923828
8.980754852294922
8.297220230102539
12.09896469116211
6.451422691345215
7.759087085723877
7.07014274597168
6.909313201904297
6.377605438232422
8.104339599609375
9.588851928710938
6.531404495239258
10.770145416259766
7.714606285095215
9.523653984069824
8.438735961914062
11.738016128540039
8.842729568481445
7.457054138183594
7.077849388122559
9.669136047363281
7.987105369567871
8.480806350708008
7.288284778594971
10.778545379638672
5.495973110198975
9.73154067993164
5.919427394866943
9.782943725585938
9.511330604553223
8.984597206115723
6.724026679992676
9.838234901428223
7.837063789367676
9.68910026550293
6.996947765350342
11.608866691589355
5.977201461791992
11.238439559936523
9.175995826721191
8.973370552062988
10.245779991149902
9.155978202819824
10.485769271850586
7.991615295410156
9.369617462158203
10.367446899414062
5.5453667640686035
9.298200607299805
8.986034393310547
8.782461166381836
7.900729656219482
9.080856323242188
9.268028259277344
9.436307907104492
11.852815628051758
6.547118186950684
9.532363891601562
10.347074508666992
10.4210205078125
7.6846771240234375
7.03205680847168
8.894073486328125
11.94658088684082
6.01702356338501
7.994100570678711
9.39256477355957
10.405132293701172
11.283768653869629
9.772171020507812
8.170987129211426
7.064897060394287
8.875877380371094
10.634842872619629
10.255138397216797
8.204418182373047
8.216245651245117
10.83023452758789
11.908754348754883
9.851225852966309
8.978585243225098
8.07575798034668
13.646873474121094
7.458847522735596
7.439809322357178
10.924723625183105
7.992269992828369
7.763702392578125
6.091726779937744
9.846038818359375
8.708335876464844
9.82387924194336
9.074901580810547
8.334102630615234
10.363809585571289
9.771719932556152
8.629956245422363
8.702436447143555
11.264610290527344
10.939119338989258
6.482483863830566
11.076462745666504
7.137451171875
9.914032936096191
10.031843185424805
9.877786636352539
5.962455749511719
7.786316394805908
7.445713043212891
8.08800983428955
7.82535457611084
9.946020126342773
8.107658386230469
9.34803581237793
7.524693489074707
9.08155632019043
11.23270034790039
10.88547134399414
12.011805534362793
12.426593780517578
10.94971752166748
6.585893154144287
8.705698013305664
8.58787727355957
10.67325210571289
9.690953254699707
6.304081916809082
11.662027359008789
4.842399597167969
7.199158191680908
8.83010482788086
6.769998550415039
7.0028300285339355
7.576549530029297
9.927284240722656
8.4622220993042
9.913719177246094
10.837956428527832
6.304743766784668
6.768540859222412
6.366188049316406
5.586068153381348
12.476234436035156
10.927314758300781
10.776542663574219
8.552034378051758
9.433700561523438
13.090360641479492
11.111288070678711
7.694626331329346
8.418217658996582
9.430015563964844
12.841842651367188
9.842400550842285
6.322625160217285
8.907960891723633
11.089675903320312
7.189461708068848
8.20240592956543
7.803095817565918
5.652979850769043
10.416986465454102
6.123692512512207
11.180301666259766
11.173286437988281
7.394948482513428
12.761171340942383
9.869728088378906
9.348012924194336
11.16297721862793
7.927831172943115
9.914226531982422
11.205525398254395
13.123767852783203
8.401412010192871
11.580499649047852
9.671011924743652
9.514566421508789
5.941061019897461
11.016593933105469
9.180028915405273
6.6932878494262695
9.713595390319824
11.11374282836914
9.930628776550293
11.566324234008789
9.41269588470459
9.803180694580078
9.369661331176758
8.83785629272461
5.688884735107422
9.983377456665039
8.496419906616211
8.442707061767578
8.046934127807617
9.950357437133789
8.546412467956543
7.538004398345947
10.806306838989258
7.415333271026611
11.965304374694824
9.30781078338623
7.097271919250488
13.259456634521484
11.022279739379883
9.57669448852539
9.748504638671875
11.437968254089355
6.947639465332031
11.177955627441406
12.349875450134277
10.235390663146973
7.716255187988281
12.284746170043945
6.314674377441406
10.585238456726074
10.31583309173584
11.087031364440918
7.575650691986084
7.646458148956299
7.447724342346191
11.008769989013672
8.193307876586914
7.953927516937256
8.401087760925293
8.89320182800293
6.066528797149658
5.917943000793457
7.6491522789001465
10.197711944580078
6.930115699768066
9.387386322021484
12.13115406036377
6.633108139038086
9.622199058532715
6.483593940734863
11.68389892578125
7.604611873626709
8.369562149047852
8.479291915893555
7.37245512008667
13.520639419555664
7.771920204162598
7.469514846801758
9.072513580322266
8.790580749511719
6.500934600830078
7.869736671447754
10.15498161315918
10.903570175170898
10.750020980834961
9.288677215576172
10.958989143371582
11.043696403503418
6.335034370422363
8.972862243652344
10.40793228149414
7.701747417449951
10.34597396850586
5.597984313964844
6.259903907775879
7.37324333190918
8.812355995178223
10.478443145751953
8.270654678344727
9.388422966003418
10.647012710571289
7.989587783813477
7.129683494567871
10.39167308807373
10.675703048706055
12.81535530090332
12.434112548828125
9.024917602539062
8.099852561950684
7.1038312911987305
11.204279899597168
9.682107925415039
7.438169956207275
6.936661243438721
8.26943302154541
5.984530925750732
9.788090705871582
10.680768013000488
8.48879337310791
7.568580627441406
10.862508773803711
6.677194595336914
7.738353252410889
7.463056564331055
8.22847843170166
9.647932052612305
7.465727806091309
9.948019027709961
8.965234756469727
9.586807250976562
7.839783668518066
7.329644203186035
10.251240730285645
11.296133041381836
6.144986152648926
10.601799964904785
7.133951187133789
15.00658130645752
5.355765342712402
10.703934669494629
5.863368511199951
10.737874031066895
7.773152828216553
8.989864349365234
10.688558578491211
8.710323333740234
7.893808841705322
7.2585601806640625
11.264466285705566
6.044875144958496
11.344600677490234
9.455568313598633
11.959362030029297
9.887809753417969
9.771552085876465
9.172693252563477
11.677657127380371
6.619943618774414
11.178281784057617
8.386209487915039
11.463390350341797
11.28787899017334
9.091909408569336
8.993908882141113
6.348735332489014
9.632542610168457
10.823005676269531
12.281692504882812
13.911473274230957
10.695013046264648
11.039449691772461
10.147785186767578
9.249610900878906
6.282200813293457
10.918651580810547
11.264142036437988
6.5099639892578125
12.199462890625
6.242901802062988
8.08999252319336
10.584443092346191
8.30573844909668
7.847052574157715
6.423305034637451
7.62740421295166
11.021811485290527
10.881341934204102
10.658208847045898
7.580709457397461
13.720449447631836
7.798976898193359
11.182591438293457
8.426088333129883
9.73694896697998
10.04611873626709
8.24899673461914
4.4993720054626465
8.779521942138672
9.28856086730957
12.66032600402832
10.24635124206543
12.011277198791504
8.98155403137207
10.593116760253906
9.790931701660156
10.643848419189453
6.9755754470825195
8.855363845825195
7.688157558441162
7.81365966796875
10.382256507873535
12.076997756958008
10.353818893432617
10.478275299072266
9.551790237426758
8.607254028320312
9.5326566696167
9.206902503967285
9.916841506958008
9.801351547241211
9.028167724609375
7.876105308532715
6.666012287139893
6.948704719543457
10.618404388427734
9.88823127746582
7.598701477050781
10.734723091125488
10.13911247253418
13.69668960571289
8.23185920715332
9.939599990844727
8.524385452270508
6.478274822235107
10.86093521118164
6.939792633056641
8.403870582580566
8.860187530517578
8.364032745361328
10.146013259887695
8.33287525177002
6.3605756759643555
7.640376091003418
8.781982421875
12.933649063110352
7.74716854095459
11.051233291625977
9.889698028564453
9.534090995788574
7.11566162109375
8.683469772338867
9.798868179321289
10.730928421020508
7.938971519470215
10.033973693847656
8.33838176727295
8.011713981628418
8.199630737304688
9.750982284545898
7.509585857391357
9.244340896606445
8.45705509185791
9.507844924926758
11.872859001159668
8.704574584960938
10.429698944091797
9.515581130981445
11.033145904541016
6.469006538391113
13.67911148071289
11.23974323272705
11.689704895019531
11.039657592773438
8.883781433105469
7.425990581512451
9.163585662841797
10.453727722167969
9.723363876342773
8.569988250732422
6.99605655670166
6.790510654449463
7.853302001953125
10.873746871948242
10.613214492797852
10.485879898071289
9.203850746154785
11.156972885131836
8.740286827087402
11.484074592590332
8.894792556762695
7.183230400085449
7.778496742248535
10.550873756408691
8.745292663574219
11.605676651000977
8.008216857910156
4.430809497833252
10.082115173339844
7.714254379272461
10.849546432495117
8.651044845581055
9.191336631774902
10.037620544433594
9.894414901733398
10.823362350463867
11.987411499023438
8.641010284423828
6.541840076446533
6.560205459594727
7.094481468200684
6.622011184692383
8.26150131225586
11.395563125610352
6.708648681640625
11.805793762207031
10.492059707641602
9.59389877319336
9.111369132995605
10.155792236328125
8.866321563720703
11.76726245880127
5.593994140625
13.075918197631836
8.934483528137207
10.395408630371094
8.195171356201172
7.425768852233887
7.733273506164551
9.736499786376953
11.159929275512695
8.264450073242188
8.857614517211914
10.282154083251953
8.282217025756836
8.091780662536621
9.297182083129883
9.269794464111328
6.59714937210083
7.924121379852295
8.004436492919922
11.833276748657227
9.586577415466309
6.804413795471191
10.636625289916992
7.998021125793457
8.520383834838867
6.464721202850342
8.955806732177734
5.842660903930664
7.450536727905273
8.972944259643555
11.737316131591797
9.234363555908203
10.427245140075684
9.31338882446289
9.273361206054688
8.225173950195312
5.471052169799805
10.498686790466309
9.200092315673828
9.33213996887207
11.883892059326172
8.992467880249023
8.266207695007324
8.766122817993164
11.166206359863281
8.026069641113281
6.027622222900391
7.418696880340576
11.655996322631836
12.645818710327148
7.762160301208496
9.104467391967773
10.208585739135742
7.758510589599609
9.043600082397461
10.04207992553711
8.7803316116333
11.86169147491455
8.369014739990234
6.092491626739502
10.515769958496094
12.38554859161377
11.723641395568848
9.956941604614258
10.587604522705078
8.673429489135742
11.19185733795166
13.30490493774414
9.908590316772461
11.74748706817627
11.839908599853516
8.695701599121094
9.015933990478516
10.985055923461914
7.834170341491699
11.464882850646973
9.405793190002441
6.670013427734375
10.548835754394531
13.511049270629883
14.059623718261719
11.348929405212402
13.532633781433105
8.794520378112793
6.900814056396484
10.872882843017578
9.84653091430664
11.599512100219727
11.92300033569336
7.425890922546387
7.230020523071289
10.878110885620117
12.085805892944336
8.492203712463379
6.916047096252441
8.45915412902832
9.953251838684082
13.50360107421875
11.505159378051758
10.24095630645752
10.95680046081543
6.101536750793457
10.304718017578125
10.261903762817383
9.70185375213623
10.891992568969727
7.144164562225342
7.3487114906311035
11.709295272827148
8.949698448181152
7.798933982849121
6.9997663497924805
8.28747272491455
11.49158763885498
11.404955863952637
10.64260482788086
11.61370849609375
9.1044282913208
7.628451347351074
9.848867416381836
7.072426795959473
7.861568450927734
10.27486515045166
10.557512283325195
10.824637413024902
8.88314151763916
8.69119644165039
9.487847328186035
7.807445049285889
10.430839538574219
12.826360702514648
7.049923896789551
11.709590911865234
11.238576889038086
10.496444702148438
10.287980079650879
5.655370235443115
10.308370590209961
6.56443977355957
9.976807594299316
9.270219802856445
7.717974662780762
9.457242965698242
5.943212509155273
9.803296089172363
9.897988319396973
9.85824966430664
9.969999313354492
6.289792060852051
8.706010818481445
10.931474685668945
11.537729263305664
8.068314552307129
11.55343246459961
8.241388320922852
7.687582969665527
7.712460517883301
12.210054397583008
10.33558464050293
9.162732124328613
8.586090087890625
13.17265510559082
10.517995834350586
9.50825309753418
10.45798397064209
10.312644958496094
10.791299819946289
7.18031644821167
9.484827041625977
11.784249305725098
12.27206802368164
8.870330810546875
9.79023551940918
6.931648254394531
11.326355934143066
10.0219144821167
10.314373016357422
6.970052242279053
10.819015502929688
9.290797233581543
12.882880210876465
10.782197952270508
9.660531997680664
8.03968620300293
8.486093521118164
7.334680557250977
9.826335906982422
8.311190605163574
8.00607967376709
7.92824649810791
9.394502639770508
9.580259323120117
10.9703369140625
8.753815650939941
10.493598937988281
12.259239196777344
6.692404747009277
11.489117622375488
6.176087379455566
8.999053955078125
9.313626289367676
4.675856590270996
8.452288627624512
9.05678939819336
10.40730094909668
7.266833305358887
8.835678100585938
10.18313217163086
13.23201847076416
8.009461402893066
10.87053394317627
8.902604103088379
10.133437156677246
11.5503568649292
8.528943061828613
10.502384185791016
8.640480041503906
7.934679985046387
7.187419414520264
9.723413467407227
6.08918571472168
10.02038288116455
7.878368854522705
6.693181037902832
7.967841148376465
8.126873016357422
9.38957405090332
8.928773880004883
7.569458961486816
11.232391357421875
7.479870319366455
10.658427238464355
10.69237232208252
8.24791431427002
9.641133308410645
9.275310516357422
7.6254563331604
9.14105224609375
7.377878189086914
11.25855827331543
7.163536548614502
6.456583499908447
6.105569839477539
9.063252449035645
11.639410018920898
7.052515983581543
9.253316879272461
7.021271705627441
9.087924003601074
9.780050277709961
7.616499900817871
7.807909965515137
7.225551605224609
11.723848342895508
7.880849838256836
9.969388961791992
5.034584999084473
6.24384880065918
8.345129013061523
9.183463096618652
9.858282089233398
5.6432366371154785
10.517265319824219
6.0717997550964355
10.227935791015625
10.11140251159668
9.612420082092285
13.488273620605469
8.925651550292969
11.304708480834961
12.622286796569824
12.97498607635498
9.412845611572266
9.017242431640625
7.163161277770996
11.343719482421875
8.605430603027344
9.171831130981445
7.442533016204834
6.511575698852539
5.791027069091797
8.868094444274902
10.364030838012695
11.81957721710205
10.533354759216309
5.966772079467773
7.234240531921387
8.14528751373291
11.714773178100586
6.08131217956543
9.63051986694336
5.804990768432617
12.048763275146484
9.842392921447754
9.361217498779297
8.910608291625977
9.667060852050781
9.296487808227539
10.789499282836914
5.482847213745117
6.836854934692383
9.706552505493164
12.571528434753418
11.419889450073242
6.401747703552246
7.1591901779174805
9.825698852539062
10.264244079589844
9.647295951843262
8.19011116027832
11.936502456665039
8.46438217163086
12.107662200927734
12.182331085205078
10.082902908325195
7.841012954711914
9.611265182495117
9.700149536132812
6.8147687911987305
10.507957458496094
10.15798568725586
5.41415548324585
6.079184055328369
8.78903865814209
10.066558837890625
9.314777374267578
6.957808494567871
6.563276767730713
9.59500789642334
9.225341796875
10.462785720825195
12.527458190917969
7.382414817810059
10.107400894165039
8.072042465209961
9.980472564697266
9.996818542480469
10.539050102233887
8.933723449707031
11.271245956420898
10.48134994506836
9.850607872009277
7.717162609100342
13.981606483459473
7.122194766998291
10.519840240478516
6.615927219390869
10.700340270996094
9.193305015563965
12.097713470458984
6.794153213500977
10.512273788452148
8.826143264770508
9.924200057983398
8.291990280151367
9.404227256774902
11.597875595092773
7.851516246795654
10.638651847839355
12.598150253295898
9.30433464050293
11.457002639770508
9.640457153320312
9.626779556274414
9.663095474243164
11.922021865844727
12.051898956298828
10.313369750976562
9.859718322753906
9.597980499267578
8.966410636901855
9.380976676940918
7.863144397735596
11.861234664916992
7.799472808837891
9.679065704345703
9.557331085205078
7.038745403289795
8.135368347167969
10.68376636505127
5.954850673675537
9.435846328735352
6.664287567138672
10.228221893310547
9.325298309326172
6.269664287567139
7.576366901397705
8.708229064941406
8.84056282043457
12.132383346557617
8.649393081665039
10.062726974487305
6.872413158416748
8.959214210510254
8.949077606201172
8.90345573425293
9.30272388458252
8.950319290161133
12.334979057312012
7.986273288726807
8.808381080627441
7.553638458251953
8.22998046875
5.312654495239258
9.222875595092773
8.402530670166016
7.024909973144531
10.087662696838379
8.876609802246094
7.424921989440918
8.261978149414062
6.3250732421875
11.622130393981934
9.598197937011719
9.103487014770508
10.982948303222656
8.813992500305176
7.392844200134277
10.83269214630127
6.969003677368164
9.040164947509766
11.485243797302246
8.0078706741333
8.392542839050293
9.539069175720215
8.70156478881836
8.636704444885254
9.554489135742188
11.601709365844727
5.746520042419434
8.519414901733398
7.629492282867432
7.020773887634277
10.515909194946289
10.853816986083984
9.808245658874512
7.004735946655273
10.332149505615234
9.448698043823242
11.422628402709961
11.447196006774902
9.181497573852539
9.731561660766602
11.331562042236328
8.644336700439453
13.98360824584961
8.101764678955078
7.934719085693359
6.677136421203613
8.504920959472656
9.616294860839844
8.877513885498047
9.270048141479492
4.64227294921875
6.109840393066406
6.353226184844971
9.578170776367188
8.609590530395508
8.673257827758789
10.348777770996094
9.468746185302734
8.532007217407227
8.993593215942383
10.04809284210205
9.813714981079102
9.53768539428711
9.825815200805664
10.154947280883789
10.078560829162598
9.168692588806152
10.638646125793457
11.493111610412598
9.947093963623047
7.590889930725098
6.02558708190918
10.066472053527832
10.869529724121094
12.01185131072998
9.784759521484375
8.105073928833008
10.791152954101562
7.431299209594727
9.691265106201172
9.448966026306152
6.201850414276123
8.46535873413086
9.905202865600586
11.537361145019531
8.545778274536133
8.418725967407227
10.776054382324219
11.441152572631836
7.858363628387451
9.989937782287598
11.141797065734863
10.449052810668945
11.245410919189453
8.049556732177734
9.162576675415039
9.374855041503906
7.823935508728027
10.676116943359375
7.804746627807617
8.339818000793457
9.031408309936523
11.680259704589844
11.461130142211914
11.935681343078613
12.708788871765137
12.880626678466797
10.478109359741211
10.779215812683105
10.184257507324219
7.788150310516357
5.679170608520508
8.605195999145508
9.299464225769043
9.325762748718262
10.477458953857422
7.197300910949707
8.059283256530762
13.221323013305664
11.523344039916992
6.730060577392578
10.812070846557617
8.833763122558594
6.589825630187988
7.849364280700684
11.48080825805664
10.125160217285156
10.587570190429688
7.999907970428467
9.700475692749023
9.405457496643066
10.46574592590332
9.13072395324707
7.657761573791504
10.3673734664917
7.655086040496826
7.324064254760742
7.770847797393799
9.264142990112305
9.605182647705078
6.236904144287109
10.480562210083008
9.611881256103516
10.270744323730469
6.528621673583984
6.54606294631958
7.138945579528809
11.643804550170898
6.99232292175293
8.954526901245117
7.293281555175781
7.813816070556641
8.153358459472656
6.817237854003906
7.759687423706055
8.628961563110352
10.370460510253906
6.564615249633789
10.514723777770996
10.871906280517578
8.892797470092773
7.296320915222168
10.280645370483398
10.179677963256836
11.209121704101562
9.663677215576172
8.782390594482422
11.707746505737305
8.626669883728027
11.629385948181152
8.126472473144531
10.08873176574707
10.746322631835938
7.249537467956543
11.61099910736084
12.323598861694336
10.177810668945312
12.714420318603516
6.497939109802246
8.685843467712402
8.784139633178711
10.626052856445312
9.28811264038086
10.613164901733398
7.82745885848999
9.287942886352539
11.466873168945312
7.103902816772461
6.7278828620910645
10.541481971740723
8.116605758666992
10.114195823669434
9.47901725769043
11.131038665771484
7.777469635009766
8.75693130493164
10.46410083770752
8.276077270507812
8.306873321533203
8.096017837524414
7.628993988037109
12.178153991699219
9.829488754272461
8.528543472290039
5.5673041343688965
9.105083465576172
8.491786003112793
9.761439323425293
10.529730796813965
9.455787658691406
5.122411727905273
7.268857002258301
10.559930801391602
8.773548126220703
8.236359596252441
6.878897190093994
8.251715660095215
6.243540287017822
7.635939121246338
11.666655540466309
8.725517272949219
6.911928176879883
9.553969383239746
11.260082244873047
7.553277969360352
10.228447914123535
9.670177459716797
9.702537536621094
13.131138801574707
8.360455513000488
11.184490203857422
6.798966407775879
9.406048774719238
9.527688980102539
12.251179695129395
8.29083251953125
4.722365379333496
9.934003829956055
10.584941864013672
9.612878799438477
12.28619384765625
8.805013656616211
9.825742721557617
9.174797058105469
9.889131546020508
8.80766487121582
10.929203033447266
7.0007147789001465
9.499519348144531
7.891946792602539
10.581144332885742
10.595802307128906
13.447153091430664
7.160737991333008
11.328333854675293
9.233770370483398
8.491060256958008
7.913387298583984
7.424838066101074
6.958352088928223
7.325268745422363
8.511171340942383
5.923885345458984
10.720613479614258
6.004258155822754
10.37254524230957
10.212488174438477
9.032886505126953
10.079934120178223
10.569644927978516
12.353038787841797
9.207527160644531
8.030449867248535
8.743915557861328
9.93799114227295
7.7824201583862305
11.493677139282227
9.821199417114258
6.635014533996582
9.697857856750488
6.4952073097229
11.28834342956543
5.9588422775268555
12.072723388671875
7.15714168548584
6.653572082519531
10.731977462768555
9.334009170532227
7.529733657836914
10.578778266906738
8.122344017028809
7.745203018188477
8.975225448608398
9.71591567993164
8.949491500854492
6.292251110076904
9.674308776855469
11.060134887695312
11.032584190368652
12.533321380615234
11.580215454101562
6.7677459716796875
7.488989353179932
6.952419281005859
11.28958511352539
5.475929260253906
9.69935131072998
10.230133056640625
7.050232887268066
6.9323835372924805
9.655375480651855
10.900853157043457
12.065601348876953
8.402612686157227
10.858926773071289
8.580283164978027
9.213109970092773
6.9652862548828125
10.739334106445312
8.755474090576172
10.384963989257812
9.836112976074219
8.242862701416016
9.231273651123047
8.348447799682617
7.127483367919922
5.882368087768555
6.730714797973633
7.089020729064941
8.210841178894043
7.598695278167725
10.384275436401367
11.21580696105957
9.50227165222168
11.214018821716309
11.8432035446167
9.987770080566406
12.571806907653809
10.607416152954102
11.011781692504883
10.27254867553711
8.978523254394531
10.89146900177002
7.695345878601074
9.115141868591309
5.763517379760742
8.10700798034668
10.513370513916016
9.744241714477539
11.179058074951172
12.187289237976074
11.13449478149414
7.807799339294434
10.867745399475098
9.178260803222656
9.761672973632812
9.685302734375
8.64795970916748
10.746156692504883
12.215812683105469
11.802099227905273
6.761950492858887
9.909587860107422
10.841928482055664
9.750033378601074
7.563736915588379
9.346954345703125
10.828142166137695
12.270354270935059
8.418545722961426
13.085984230041504
10.219970703125
8.41484260559082
9.122940063476562
5.626695156097412
8.711482048034668
10.087343215942383
11.745867729187012
12.120552062988281
9.516809463500977
7.995574951171875
8.447257995605469
10.671180725097656
10.608875274658203
10.588434219360352
9.32770824432373
8.39078140258789
8.968660354614258
10.805259704589844
6.019717216491699
10.592348098754883
10.651811599731445
11.418207168579102
9.508646011352539
6.825900554656982
9.181160926818848
10.272089004516602
10.51382827758789
8.0911226272583
7.739019393920898
7.950926780700684
8.559198379516602
5.6474432945251465
9.434289932250977
10.073064804077148
9.642601013183594
11.320552825927734
5.763489723205566
10.369421005249023
9.881502151489258
6.518253803253174
10.442184448242188
7.444153785705566
7.346186637878418
5.658843040466309
8.516069412231445
11.694904327392578
10.860492706298828
11.23107624053955
6.967835426330566
10.501777648925781
8.511133193969727
11.011993408203125
7.992593765258789
8.416975021362305
7.513652801513672
9.536109924316406
10.685346603393555
6.121433734893799
8.906658172607422
11.806347846984863
8.67596435546875
7.250500679016113
9.619278907775879
6.989333152770996
8.538021087646484
7.107332229614258
8.060064315795898
9.774044036865234
9.40247631072998
10.711252212524414
9.790513038635254
7.593657970428467
9.842218399047852
7.726003646850586
9.583076477050781
6.0234904289245605
7.911088943481445
10.788690567016602
8.188584327697754
8.687301635742188
12.727693557739258
8.77053451538086
11.394235610961914
8.35603141784668
11.866740226745605
11.64454174041748
9.959348678588867
10.202774047851562
9.628652572631836
9.77133846282959
10.377748489379883
8.256498336791992
8.106517791748047
11.777036666870117
7.647946357727051
5.9473700523376465
11.30400276184082
11.078741073608398
7.98211669921875
11.422590255737305
11.670428276062012
6.280296325683594
11.627907752990723
5.446555137634277
12.302913665771484
8.231929779052734
8.876531600952148
13.313568115234375
10.012048721313477
8.275592803955078
8.269460678100586
6.588964462280273
7.3813629150390625
11.550907135009766
10.777503967285156
7.654409885406494
7.065460681915283
10.305137634277344
5.73320198059082
9.059446334838867
7.010158538818359
7.638319969177246
9.27477741241455
7.154459476470947
9.455867767333984
9.140853881835938
8.61831283569336
10.545674324035645
7.614830017089844
7.159931659698486
8.083414077758789
7.240795612335205
8.1695556640625
6.943019866943359
9.233327865600586
7.678301811218262
9.517889022827148
9.492197036743164
11.770431518554688
7.563534736633301
7.13856315612793
7.869020938873291
7.48244571685791
7.565991401672363
7.053844451904297
7.581412315368652
9.742171287536621
12.144245147705078
7.193957328796387
5.882875442504883
9.433730125427246
9.568098068237305
9.81612491607666
5.207242488861084
7.376086711883545
6.672032356262207
6.900513648986816
10.278562545776367
8.645679473876953
6.853571891784668
10.875458717346191
8.631182670593262
7.649089813232422
10.719345092773438
9.055089950561523
7.053174018859863
8.283685684204102
7.993199348449707
7.380795478820801
10.80387020111084
6.910012245178223
12.016077995300293
7.707404613494873
7.332422256469727
7.922013759613037
7.355305194854736
8.469268798828125
10.506224632263184
10.22463607788086
6.364555358886719
10.9142484664917
9.00845718383789
11.288093566894531
8.153239250183105
11.157737731933594
9.601667404174805
10.478153228759766
10.742862701416016
8.169187545776367
9.940924644470215
6.694324970245361
8.865909576416016
6.366837024688721
10.40782356262207
10.539714813232422
10.198442459106445
8.366571426391602
7.247138977050781
8.959724426269531
9.793381690979004
10.356632232666016
10.939980506896973
8.44970703125
10.827881813049316
10.377307891845703
7.354968070983887
8.029123306274414
10.227846145629883
10.736869812011719
10.500182151794434
7.324937343597412
9.1846342086792
5.969864368438721
9.703927993774414
10.092443466186523
7.004299163818359
8.902826309204102
7.8961286544799805
10.864761352539062
8.515671730041504
6.147418022155762
7.13189697265625
8.82270622253418
10.977983474731445
9.497282028198242
8.079428672790527
9.687154769897461
10.015336990356445
11.158905029296875
7.921955585479736
10.017107009887695
9.189282417297363
9.6170654296875
9.336004257202148
11.108943939208984
10.415365219116211
7.60889196395874
8.556760787963867
7.697990417480469
8.719123840332031
9.161776542663574
12.624656677246094
9.928482055664062
8.888323783874512
6.422574520111084
9.680286407470703
11.963800430297852
12.461945533752441
9.729608535766602
11.10670280456543
10.406229019165039
