0.10160274803638458
0.10152838379144669
0.10149489343166351
0.10094146430492401
0.10105761885643005
0.10099417716264725
0.10128656029701233
0.10120106488466263
0.10123750567436218
0.1015687957406044
0.10119271278381348
0.10120832920074463
0.10140198469161987
0.10121989995241165
0.10135150700807571
0.10114994645118713
0.10127805918455124
0.10144850611686707
0.1014249324798584
0.10101907700300217
0.1013815775513649
0.10150220990180969
0.10123997926712036
0.10114692151546478
0.10111214965581894
0.10115531831979752
0.10123426467180252
0.10132668912410736
0.10125458985567093
0.10122699290513992
0.10111521184444427
0.1010577380657196
0.10130713880062103
0.10147054493427277
0.10132566094398499
0.10104888677597046
0.10124046355485916
0.10121294856071472
0.10152506828308105
0.10123564302921295
0.10112947970628738
0.10102549195289612
0.10134527832269669
0.10103140026330948
0.10140205919742584
0.10139312595129013
0.10130077600479126
0.10104984045028687
0.10099944472312927
0.10109036415815353
0.10139936208724976
0.10099292546510696
0.1008736714720726
0.1012149453163147
0.10134799033403397
0.10126306861639023
0.10104847699403763
0.10121134668588638
0.10106419771909714
0.10125856846570969
0.10146012902259827
0.10128806531429291
0.10106373578310013
0.10146158188581467
0.10145362466573715
0.10139264166355133
0.10145445168018341
0.10118452459573746
0.10129015892744064
0.10110437124967575
0.10126972198486328
0.10133301466703415
0.10142774134874344
0.10126426070928574
0.10111284255981445
0.10137433558702469
0.10134781152009964
0.1012764722108841
0.10132087022066116
0.1008412092924118
0.10153254866600037
0.10090519487857819
0.10110194236040115
0.10105417668819427
0.10118081420660019
0.10092887282371521
0.10093682259321213
0.10131508857011795
0.10117244720458984
0.10146909952163696
0.10141603648662567
0.10123198479413986
0.10128674656152725
0.10143311321735382
0.10144796222448349
0.10131478309631348
0.10120691359043121
0.1010061576962471
0.10158669948577881
0.10134795308113098
0.10112874209880829
0.10117116570472717
0.10129702836275101
0.10114537924528122
0.10139771550893784
0.10131534188985825
0.10121491551399231
0.10133861750364304
0.10105416178703308
0.10121453553438187
0.10092248022556305
0.10076714307069778
0.10142585635185242
0.10122188180685043
0.10127109289169312
0.10157614946365356
0.10144612193107605
0.10192285478115082
0.1013619527220726
0.1013883724808693
0.10146938264369965
0.10147319734096527
0.10095217078924179
0.10118908435106277
0.10097657889127731
0.1016015037894249
0.1011730507016182
0.1008233055472374
0.10105399787425995
0.10135772079229355
0.10122185945510864
0.10159894824028015
0.10143791139125824
0.10124961286783218
0.10137166827917099
0.10133874416351318
0.10152649879455566
0.10116634517908096
0.10114395618438721
0.1009940505027771
0.10116875171661377
0.10136736184358597
0.10107248276472092
0.10110898315906525
0.10091756284236908
0.10108495503664017
0.1012265756726265
0.1012849286198616
0.10102330148220062
0.10122079402208328
0.10102034360170364
0.10123775154352188
0.10132906585931778
0.1012105941772461
0.10109077394008636
0.10107718408107758
0.10118630528450012
0.10152360796928406
0.10128587484359741
0.10129431635141373
0.10115286707878113
0.10104786604642868
0.10117100179195404
0.10110022127628326
0.10128709673881531
0.10110072046518326
0.10118978470563889
0.10131318122148514
0.10144159197807312
0.10108719021081924
0.10162021219730377
0.10102968662977219
0.10106071829795837
0.10088039189577103
0.10138792544603348
0.10122358053922653
0.1015520915389061
0.10150294750928879
0.10113316774368286
0.1013123169541359
0.10115690529346466
0.10123568773269653
0.10112284123897552
0.10099147260189056
0.10112082958221436
0.10127193480730057
0.10104964673519135
0.1011931449174881
0.10131461918354034
0.1010180190205574
0.10141153633594513
0.10109876096248627
0.10120346397161484
0.10118518769741058
0.10111317038536072
0.10130158811807632
0.10108429193496704
0.1015971228480339
0.10121277719736099
0.10090234875679016
0.10122300684452057
0.10110938549041748
0.10103076696395874
0.10132627934217453
0.10158246010541916
0.10107444226741791
0.10121114552021027
0.10112078487873077
0.10118034482002258
0.10111957043409348
0.1011628806591034
0.10091381520032883
0.10141585022211075
0.10104259848594666
0.10124344378709793
0.10134837031364441
0.10126233100891113
0.10122653096914291
0.10114672780036926
0.10105576366186142
0.10122950375080109
0.10158108174800873
0.1012488380074501
0.10108335316181183
0.10134326666593552
0.10095509141683578
0.10142268985509872
0.10138033330440521
0.10127566009759903
0.10157416760921478
0.10098238289356232
0.10148981958627701
0.10133880376815796
0.1012638732790947
0.1013001874089241
0.10095863789319992
0.10129732638597488
0.101221464574337
0.10103127360343933
0.10123899579048157
0.10148346424102783
0.10092826932668686
0.10108936578035355
0.10153766721487045
0.10110199451446533
0.10090847313404083
0.10147394239902496
0.10106062144041061
0.10134127736091614
0.10100973397493362
0.10131371021270752
0.1010369211435318
0.10157681256532669
0.10117072612047195
0.10110031068325043
0.10110167413949966
0.10134290903806686
0.10118463635444641
0.10114025324583054
0.1013200581073761
0.10122457146644592
0.10100404173135757
0.1010063886642456
0.10129856318235397
0.10130089521408081
0.1012088879942894
0.10090897232294083
0.10123846679925919
0.10138088464736938
0.10115396231412888
0.10125191509723663
0.10118070989847183
0.10124991089105606
0.10132088512182236
0.10120408982038498
0.10147371888160706
0.10076335072517395
0.10118091106414795
0.10120046883821487
0.10131911933422089
0.10134129226207733
0.10142841935157776
0.10104413330554962
0.10141584277153015
0.10138968378305435
0.1015239879488945
0.10155012458562851
0.10122847557067871
0.10142220556735992
0.10118426382541656
0.10097607970237732
0.10115388035774231
0.10113703459501266
0.10147534310817719
0.10095136612653732
0.10125665366649628
0.1012757197022438
0.10120853781700134
0.10093943029642105
0.10110031068325043
0.10103406012058258
0.10081516206264496
0.10068667680025101
0.10110816359519958
0.10130404680967331
0.10147082060575485
0.10124451667070389
0.10123668611049652
0.10096333920955658
0.10105925053358078
0.10125373303890228
0.10149473696947098
0.10129197686910629
0.10129038244485855
0.1014324203133583
0.10122012346982956
0.10133877396583557
0.10090866684913635
0.10157079994678497
0.10147424787282944
0.10110025852918625
0.10126011073589325
0.1011400818824768
0.10136792063713074
0.1012975350022316
0.10110606998205185
0.10137837380170822
0.10102619230747223
0.10112561285495758
0.10109533369541168
0.10094889253377914
0.10130246728658676
0.10136440396308899
0.10114587843418121
0.10124748945236206
0.10122756659984589
0.1013566330075264
0.101156085729599
0.10134722292423248
0.10145175457000732
0.10126125812530518
0.10093048214912415
0.1011115312576294
0.10123492032289505
0.1011405885219574
0.10143694281578064
0.10106722265481949
0.10113134235143661
0.10124807804822922
0.10102760046720505
0.10122784227132797
0.10149570554494858
0.10102708637714386
0.10132082551717758
0.10109665989875793
0.1010613739490509
0.1013299822807312
0.10102202743291855
0.10138697922229767
0.10134565830230713
0.10134568810462952
0.10101199895143509
0.10134483873844147
0.1011115089058876
0.10123686492443085
0.10137880593538284
0.10142982751131058
0.10125941038131714
0.10087817162275314
0.10136426240205765
0.1009974479675293
0.10096524655818939
0.1012534648180008
0.10119903087615967
0.10128772258758545
0.10136820375919342
0.1012178435921669
0.10113643854856491
0.1014966070652008
0.10126304626464844
0.10113375633955002
0.1011773869395256
0.10143584758043289
0.10098910331726074
0.10145092010498047
0.10159317404031754
0.10143876820802689
0.10111381113529205
0.10111524164676666
0.10113035887479782
0.10110481083393097
0.10097043216228485
0.10111910849809647
0.10140985995531082
0.1012374684214592
0.1011214479804039
0.10130132734775543
0.10131412744522095
0.10128182172775269
0.1012774333357811
0.10147098451852798
0.1011900082230568
0.10136441141366959
0.10142442584037781
0.10134222358465195
0.10102332383394241
0.10153955966234207
0.10131662338972092
0.10120484232902527
0.10109131783246994
0.10115993767976761
0.10124121606349945
0.10149218887090683
0.10147694498300552
0.10131768137216568
0.10105124115943909
0.10112321376800537
0.10107165575027466
0.10111677646636963
0.10118208825588226
0.10174955427646637
0.10087298601865768
0.10143177956342697
0.10140573233366013
0.10127966105937958
0.10102466493844986
0.10141859948635101
0.10103809833526611
0.10100921243429184
0.10139566659927368
0.10115593671798706
0.10139215737581253
0.10123982280492783
0.10152281820774078
0.10142749547958374
0.1013399213552475
0.10127456486225128
0.10106883198022842
0.10152535140514374
0.10119983553886414
0.10121326148509979
0.1015256717801094
0.10122894495725632
0.10132163017988205
0.10139292478561401
0.10120347887277603
0.10124892741441727
0.10107462108135223
0.10137784481048584
0.1010884940624237
0.10121200233697891
0.10103905200958252
0.10123629868030548
0.10142036527395248
0.10165683925151825
0.10124792903661728
0.10085543245077133
0.10078950226306915
0.10126926749944687
0.10125922411680222
0.10142994672060013
0.10074956715106964
0.10094690322875977
0.10111775994300842
0.10088949650526047
0.10109318047761917
0.10153337568044662
0.10115895420312881
0.1010105237364769
0.10134273022413254
0.10104317963123322
0.10120190680027008
0.10102048516273499
0.10153180360794067
0.1013692319393158
0.10093290358781815
0.1008177325129509
0.10141036659479141
0.10151132196187973
0.10144610702991486
0.10140533000230789
0.10109362006187439
0.10129214823246002
0.10135647654533386
0.10073833912611008
0.10127377510070801
0.10077600181102753
0.10119490325450897
0.10102148354053497
0.10145822912454605
0.10136358439922333
0.10087763518095016
0.10128668695688248
0.10126837342977524
0.10143894702196121
0.10066517442464828
0.10127381980419159
0.10168822109699249
0.1009393185377121
0.10131286829710007
0.10091358423233032
0.10117002576589584
0.10105503350496292
0.10100580751895905
0.10140571743249893
0.10130999982357025
0.10132653266191483
0.1012381836771965
0.10084141045808792
0.10100730508565903
0.10094902664422989
0.10096845030784607
0.10090090334415436
0.10108819603919983
0.10095953941345215
0.10094728320837021
0.10095153003931046
0.10099869966506958
0.1009749099612236
0.10118307918310165
0.10108586400747299
0.10104017704725266
0.1012030839920044
0.10124238580465317
0.10135003924369812
0.10151788592338562
0.10132074356079102
0.10126829892396927
0.10128316283226013
0.10133428871631622
0.10107278823852539
0.10121244192123413
0.10127661377191544
0.10117723792791367
0.10112950205802917
0.10116401314735413
0.10124886780977249
0.10130591690540314
0.10141631960868835
0.10172495990991592
0.10133884847164154
0.10152207314968109
0.1012059673666954
0.10145797580480576
0.10141052305698395
0.100983627140522
0.10126812756061554
0.10102151334285736
0.1014452874660492
0.10139017552137375
0.10119514167308807
0.10111084580421448
0.10169337689876556
0.10149715095758438
0.10132063925266266
0.10126539319753647
0.10120511054992676
0.10144922137260437
0.10136280208826065
0.10120179504156113
0.10119817405939102
0.10144584625959396
0.10112801939249039
0.10146655887365341
0.10157617926597595
0.10127474367618561
0.10116489231586456
0.10141895711421967
0.10173416882753372
0.10131179541349411
0.10127247124910355
0.1013326644897461
0.10124712437391281
0.10129174590110779
0.10108456015586853
0.10120303928852081
0.1012500673532486
0.10121320933103561
0.10131809115409851
0.10130764544010162
0.10116565227508545
0.10144326090812683
0.10116943717002869
0.10098151862621307
0.10136260837316513
0.10134848207235336
0.10135851800441742
0.10104825347661972
0.10158351063728333
0.10152922570705414
0.10122125595808029
0.10152838379144669
0.10106267780065536
0.10132855921983719
0.10110466927289963
0.10173586755990982
0.10134357213973999
0.10110744088888168
0.1010793074965477
0.10151147842407227
0.10118368268013
0.10110057145357132
0.10153555124998093
0.10117333382368088
0.10147815197706223
0.10120601952075958
0.10151850432157516
0.10121683031320572
0.10147114098072052
0.101214200258255
0.10137028992176056
0.10117954015731812
0.10102387517690659
0.1013975664973259
0.10148207098245621
0.10136000066995621
0.1011538878083229
0.10098371654748917
0.10133407264947891
0.10112255066633224
0.10136168450117111
0.10154935717582703
0.10106533765792847
0.10147037357091904
0.1015094518661499
0.1013362780213356
0.10144275426864624
0.10125993937253952
0.10126441717147827
0.10141319036483765
0.10139959305524826
0.10160274803638458
0.10151051729917526
0.10126622021198273
0.10144058614969254
0.10091628134250641
0.10136513411998749
0.10109616816043854
0.10145366936922073
0.10101038962602615
0.10155245661735535
0.1014588326215744
0.10124759376049042
0.101652592420578
0.10183223336935043
0.1014992892742157
0.10114357620477676
0.10146758705377579
0.10164628177881241
0.10123029351234436
0.1013757586479187
0.10152941197156906
0.1010572612285614
0.1015675738453865
0.10164738446474075
0.10135563462972641
0.10095870494842529
0.10139621049165726
0.10118319094181061
0.10130976140499115
0.10114333033561707
0.10113326460123062
0.10117346793413162
0.10147751867771149
0.10116379708051682
0.1012272760272026
0.10135234892368317
0.10111087560653687
0.1009109690785408
0.10124782472848892
0.10108008235692978
0.10108860582113266
0.10129955410957336
0.10143791139125824
0.10146552324295044
0.10175406187772751
0.10137882828712463
0.10121677815914154
0.10133472830057144
0.10131422430276871
0.1013987734913826
0.10112037509679794
0.10133351385593414
0.10133780539035797
0.10100167989730835
0.10133381932973862
0.10165531188249588
0.1014481782913208
0.10136660188436508
0.10133594274520874
0.10121705383062363
0.10121334344148636
0.1011180505156517
0.10107675194740295
0.10152128338813782
0.10140084475278854
0.10142026096582413
0.10156509280204773
0.10105190426111221
0.10130630433559418
0.10128992795944214
0.10133612155914307
0.10145042836666107
0.10103508830070496
0.10139395296573639
0.10158083587884903
0.10133397579193115
0.10152417421340942
0.10131929069757462
0.10127303004264832
0.10119585692882538
0.101072758436203
0.10163053870201111
0.10141125321388245
0.10098350048065186
0.10108622163534164
0.1014818474650383
0.10121999680995941
0.10106273740530014
0.10115456581115723
0.10133921355009079
0.101018987596035
0.10144787281751633
0.10154786705970764
0.10138992965221405
0.1013340950012207
0.10144490003585815
0.10137156397104263
0.10167548060417175
0.1012854278087616
0.10090518742799759
0.10124959796667099
0.10131543129682541
0.10134946554899216
0.10120838135480881
0.10141884535551071
0.10120908170938492
0.10124120116233826
0.10115862637758255
0.10119164735078812
0.1013992577791214
0.1011824980378151
0.10092474520206451
0.10134999454021454
0.10139220952987671
0.10138070583343506
0.10120103508234024
0.10159198939800262
0.10137549042701721
0.10115847736597061
0.10142524540424347
0.10147010535001755
0.10128064453601837
0.10128569602966309
0.10149206966161728
0.10137473791837692
0.1015678197145462
0.10149779170751572
0.10134923458099365
0.10122916102409363
0.10143476724624634
0.10122630000114441
0.10154351592063904
0.10123234987258911
0.10128917545080185
0.10168435424566269
0.10145753622055054
0.10165230929851532
0.10118672996759415
0.10129974782466888
0.1015072911977768
0.1010151356458664
0.1016121655702591
0.10116833448410034
0.10123420506715775
0.10168662667274475
0.10117615759372711
0.10165245831012726
0.10126470029354095
0.10116270929574966
0.10109645873308182
0.10152579098939896
0.10103293508291245
0.10119078308343887
0.1013094112277031
0.10122118145227432
0.10147647559642792
0.1014072522521019
0.10118569433689117
0.10105495899915695
0.10115517675876617
0.10152994841337204
0.10092902183532715
0.10123290866613388
0.10144162178039551
0.10146501660346985
0.10127800703048706
0.10109996050596237
0.10132422298192978
0.10097483545541763
0.10109563916921616
0.10157798230648041
0.10129283368587494
0.10142762213945389
0.10133843123912811
0.10159780085086823
0.10130741447210312
0.10148407518863678
0.10153207927942276
0.10135793685913086
0.10130483657121658
0.10117798298597336
0.10142815858125687
0.10155172646045685
0.10086651146411896
0.10118047147989273
0.10141211003065109
0.10146984457969666
0.10133752971887589
0.10130610316991806
0.10115441679954529
0.10123158246278763
0.10116341710090637
0.10150343924760818
0.10143421590328217
0.10132081806659698
0.10106207430362701
0.10131186991930008
0.10154552757740021
0.1013602688908577
0.10141901671886444
0.10110754519701004
0.10103483498096466
0.10147083550691605
0.10158102959394455
0.10110078752040863
0.1013035774230957
0.10163714736700058
0.10114908963441849
0.10129434615373611
0.10144300758838654
0.10103820264339447
0.10112988203763962
0.10154818743467331
0.10131175071001053
0.1010192334651947
0.10123801976442337
0.10151660442352295
0.10133590549230576
0.10134942829608917
0.10078830271959305
0.1013253778219223
0.10144603252410889
0.10164926201105118
0.10096465796232224
0.10157918930053711
0.10132124274969101
0.10109017789363861
0.1011701375246048
0.10124470293521881
0.1011984646320343
0.10105673223733902
0.10120584070682526
0.10116704553365707
0.10099246352910995
0.10108457505702972
0.10097891837358475
0.10115813463926315
0.10112019628286362
0.10092715173959732
0.10122916847467422
0.10107626765966415
0.10122480243444443
0.10154354572296143
0.10125604271888733
0.10131192207336426
0.10145021975040436
0.1011296957731247
0.10109607875347137
0.10156868398189545
0.10143889486789703
0.10119559615850449
0.10151638090610504
0.10131402313709259
0.10110314190387726
0.10120951384305954
0.10132261365652084
0.10137588530778885
0.10122071951627731
0.10125388950109482
0.1012897789478302
0.10109415650367737
0.10139069706201553
0.10120939463376999
0.10145147889852524
0.10107675939798355
0.10120421648025513
0.10121949762105942
0.10137054324150085
0.10125190019607544
0.10121519863605499
0.10139599442481995
0.10100828856229782
0.10113788396120071
0.10127813369035721
0.10141421854496002
0.10129420459270477
0.10098787397146225
0.10112015157938004
0.10135487467050552
0.10132653266191483
0.10100794583559036
0.10140608996152878
0.10115879029035568
0.10119044035673141
0.1013391762971878
0.10097084939479828
0.10150984674692154
0.10110217332839966
0.1013655886054039
0.10118696093559265
0.10148366540670395
0.1014610230922699
0.1013428345322609
0.10209482908248901
0.10102269798517227
0.10152699053287506
0.10115599632263184
0.10118583589792252
0.1012471467256546
0.1014423593878746
0.10125262290239334
0.10123611986637115
0.10086657851934433
0.1012597605586052
0.10140843689441681
0.10083087533712387
0.1011480912566185
0.10133515298366547
0.1014517992734909
0.1011999174952507
0.10130953043699265
0.10126461833715439
0.10120832175016403
0.10142458230257034
0.10147733986377716
0.10116424411535263
0.10135996341705322
0.10153374075889587
0.10119142383337021
0.10118143260478973
0.10135556012392044
0.10099548101425171
0.10106601566076279
0.10143180936574936
0.10141262412071228
0.10120175778865814
0.10144950449466705
0.10155221074819565
0.10143394768238068
0.10130354017019272
0.10119836032390594
0.10114490240812302
0.10120270401239395
0.10120418667793274
0.10147255659103394
0.10106997936964035
0.10093440115451813
0.10102692991495132
0.1014586016535759
0.10129337757825851
0.1009177640080452
0.10127024352550507
0.101315937936306
0.10143522918224335
0.10140970349311829
0.10127290338277817
0.1013045459985733
0.10156123340129852
0.10089776664972305
0.10105720162391663
0.10132263600826263
0.10118221491575241
0.1013471931219101
0.10103034973144531
0.10134199261665344
0.10157454013824463
0.10118057578802109
0.1012665182352066
0.10095623880624771
0.10107950866222382
0.10137482732534409
0.10129942744970322
0.1014065146446228
0.10116234421730042
0.10133422911167145
0.10133828222751617
0.10132494568824768
0.10089872777462006
0.10142183303833008
0.10123489797115326
0.10134543478488922
0.10117588937282562
0.10092181712388992
0.10115087777376175
0.10113685578107834
0.10122696310281754
0.10097301751375198
0.10101771354675293
0.10122022032737732
0.10084199160337448
0.10137853026390076
0.10109936445951462
0.10103963315486908
0.10117147862911224
0.101214200258255
0.10120781511068344
0.10123734921216965
0.1013343557715416
0.10114019364118576
0.10111778974533081
0.10102369636297226
0.10136997699737549
0.10146226733922958
0.10111542791128159
0.10133358091115952
0.1011742576956749
0.101204052567482
0.1011337861418724
0.10115425288677216
0.10131867229938507
0.10150735825300217
0.10104857385158539
0.10129678249359131
0.10122454166412354
0.10129682719707489
0.10101690888404846
0.10156778991222382
0.10087894648313522
0.10114736109972
0.10113675147294998
0.10151113569736481
0.10109332948923111
0.1015397161245346
0.10089168697595596
0.10117887705564499
0.10146375745534897
0.10134080797433853
0.10129343718290329
0.10135592520236969
0.10111860185861588
0.10103165358304977
0.10104150325059891
0.10096611082553864
0.10110802948474884
0.10155478119850159
0.10104302316904068
0.10095136612653732
0.10123658180236816
0.10145056247711182
0.10152694582939148
0.1011844351887703
0.10114403814077377
0.10127533972263336
0.10112795233726501
0.10151350498199463
0.10122602432966232
0.10116288810968399
0.10119545459747314
0.10128455609083176
0.10123345255851746
0.10128995776176453
0.10140085220336914
0.10142446309328079
0.10121020674705505
0.10141053795814514
0.10112278163433075
0.10155351459980011
0.10147684067487717
0.10110136866569519
0.10140003263950348
0.10133945196866989
0.1011648178100586
0.10145515948534012
0.10134418308734894
0.10125560313463211
0.10127685219049454
0.10124567151069641
0.1012805700302124
0.10162349045276642
0.10128869116306305
0.10124776512384415
0.10102657973766327
0.1012558862566948
0.1011134684085846
0.10147117078304291
0.10114476829767227
0.10118317604064941
0.10127217322587967
0.1013932079076767
0.10155560076236725
0.10148341953754425
0.10130514949560165
0.101561538875103
0.10117687284946442
0.10116118937730789
0.10106059908866882
0.10116445273160934
0.10119117796421051
0.1011955663561821
0.10117685794830322
0.10135454684495926
0.10112599283456802
0.10141832381486893
0.10105528682470322
0.10106486827135086
0.10092858970165253
0.10121263563632965
0.10097666084766388
0.10116571187973022
0.10126291960477829
0.10146617144346237
0.10132858157157898
0.10144968330860138
0.10118693113327026
0.1015658974647522
0.10140052437782288
0.10121636837720871
0.10142440348863602
0.10110224783420563
0.10138433426618576
0.10113345831632614
0.10125140100717545
0.10117150843143463
0.10129905492067337
0.10112810879945755
0.10117769986391068
0.10155121237039566
0.10132677108049393
0.10100031644105911
0.10142800211906433
0.10153888911008835
0.10137982666492462
0.10130094736814499
0.10130659490823746
0.10098754614591599
0.10134124010801315
0.10144232958555222
0.10134872794151306
0.10126175731420517
0.1013215184211731
0.10140341520309448
0.10148230940103531
0.10146275907754898
0.10138427466154099
0.10144597291946411
0.1012619212269783
0.1011938825249672
0.10112182796001434
0.1011199951171875
0.1012822762131691
0.1011490598320961
0.10172870755195618
0.10134239494800568
0.1013626977801323
0.1014166921377182
0.10128066688776016
0.10122450441122055
0.10150066763162613
0.10119576752185822
0.10136156529188156
0.10130130499601364
0.10108130425214767
0.10105083137750626
0.10138124972581863
0.10111583024263382
0.10107827931642532
0.10120581835508347
0.10107636451721191
0.10124661773443222
0.10099554061889648
0.10089918226003647
0.1013888567686081
0.10168784856796265
0.10097228735685349
0.10138129442930222
0.101230688393116
0.1010817438364029
0.10074985772371292
0.10094823688268661
0.10087915509939194
0.10097629576921463
0.1014019176363945
0.10127902030944824
0.10127761960029602
0.10168791562318802
0.10097844898700714
0.10076532512903214
0.10147310048341751
0.1009753867983818
0.10125333815813065
0.10116056352853775
0.10113877803087234
0.10080011934041977
0.10123787075281143
0.10124917328357697
0.10116469115018845
0.10110986977815628
0.10084021836519241
0.10129477083683014
0.1014469712972641
0.10102621465921402
0.1014208123087883
0.10128320753574371
0.10118144750595093
0.10116618871688843
0.10111669450998306
0.10123671591281891
0.10117144137620926
0.10126491636037827
0.10164579749107361
0.10126558691263199
0.10134053975343704
0.10119176656007767
0.10118728131055832
0.10130974650382996
0.10110746324062347
0.1013341024518013
0.10136811435222626
0.10100115090608597
0.1010398119688034
0.10142166912555695
0.101303331553936
0.10129431635141373
0.10147154331207275
0.1010001003742218
0.10159703344106674
0.10153302550315857
0.10153650492429733
0.10124881565570831
0.10119952261447906
0.10109978914260864
0.10130772739648819
0.10146292299032211
0.10095949470996857
0.10145711153745651
0.10151357203722
0.10129893571138382
0.10094720870256424
0.10132449865341187
0.10077603161334991
0.1014353334903717
0.10151594877243042
0.10117704421281815
0.10143693536520004
0.10125362128019333
0.1010643020272255
0.10105310380458832
0.10103411227464676
0.10100089013576508
0.10125399380922318
0.10133976489305496
0.1009262427687645
0.10108956694602966
0.10147342830896378
0.10153038799762726
0.10117160528898239
0.10116609930992126
0.10145935416221619
0.1011693999171257
0.10110943019390106
0.10117775201797485
0.10129283368587494
0.1014975905418396
0.10102285444736481
0.10123658925294876
0.10136742144823074
0.1010458841919899
0.10118268430233002
0.10120440274477005
0.10097416490316391
0.10135993361473083
0.10136930644512177
0.10140541195869446
0.10127070546150208
0.10131088644266129
0.10132014751434326
0.10137732326984406
0.10113029927015305
0.10135658830404282
0.10096754878759384
0.10127168893814087
0.10122756659984589
0.10087896138429642
0.10153032839298248
0.10129014402627945
0.10119055211544037
0.10159522294998169
0.10124164074659348
0.10090023279190063
0.10130052268505096
0.10090570896863937
0.1010831817984581
0.10147051513195038
0.1013340950012207
0.10134359449148178
0.10099507123231888
0.10135789215564728
0.101478211581707
0.10128346085548401
0.10124585032463074
0.10139528661966324
0.10128039866685867
0.10130935907363892
0.10121751576662064
0.10174285620450974
0.10117954015731812
0.100853830575943
0.10112738609313965
0.10127418488264084
0.10124748200178146
0.10125590860843658
0.10139976441860199
0.10139097273349762
0.10091200470924377
0.10121086239814758
0.10082587599754333
0.1010839119553566
0.10143362730741501
0.10104436427354813
0.1008705273270607
0.1012829914689064
0.10126188397407532
0.10107668489217758
0.10131826996803284
0.10107221454381943
0.10124776512384415
0.10107919573783875
0.1013975441455841
0.10111135244369507
0.10106916725635529
0.10126834362745285
0.10149805247783661
0.10119591653347015
0.1013469323515892
0.10137417167425156
0.10113155841827393
0.10125143080949783
0.10097341239452362
0.10130929946899414
0.10143298655748367
0.10131386667490005
0.10147888958454132
0.10132485628128052
0.10127174854278564
0.10123658180236816
0.10096956789493561
0.10104157030582428
0.10109513252973557
0.10119850188493729
0.10112015157938004
0.10156992077827454
0.10123314708471298
0.10106832534074783
0.10114336013793945
0.10143687576055527
0.10103877633810043
0.10112811625003815
0.10109980404376984
0.10150522738695145
0.1015273705124855
0.10140134394168854
0.10112063586711884
0.10117778182029724
0.10151205956935883
0.10113086551427841
0.10132957994937897
0.10099710524082184
0.10075603425502777
0.10088349878787994
0.1009669080376625
0.10145986825227737
0.10113609582185745
0.10108928382396698
0.10107164829969406
0.10113795846700668
0.10102464258670807
0.10132042318582535
0.10111264884471893
0.1013195812702179
0.10123341530561447
0.10125413537025452
0.10129188001155853
0.10095592588186264
0.10111460089683533
0.10106015205383301
0.10166841745376587
0.10113591700792313
0.10106036067008972
0.1014573872089386
0.10132451355457306
0.10123313963413239
0.10098312795162201
0.10117413103580475
0.10122508555650711
0.10132219642400742
0.10138928890228271
0.10130348056554794
0.10126160830259323
0.10107944905757904
0.1014285460114479
0.10135754942893982
0.10098107904195786
0.10122846066951752
0.10101112723350525
0.10132447630167007
0.10136678069829941
0.10139370709657669
0.1015506237745285
0.10120555758476257
0.10116476565599442
0.10105132311582565
0.10119133442640305
0.10150252282619476
0.10109589993953705
0.10100750625133514
0.10094360262155533
0.10136139392852783
0.10127750784158707
0.10093268752098083
0.10107053071260452
0.10072072595357895
0.10158275812864304
0.10146020352840424
0.10102604329586029
0.10100880265235901
0.10124847292900085
0.10139888525009155
0.10106886178255081
0.10122809559106827
0.10118409991264343
0.10107335448265076
0.10118931531906128
0.10120825469493866
0.10161387920379639
0.10113943368196487
0.10124295949935913
0.10149449110031128
0.10132525861263275
0.10117501020431519
0.10120322555303574
0.10149906575679779
0.10106001794338226
0.10142310708761215
0.1011573076248169
0.10115718096494675
0.10111609846353531
0.10095346719026566
0.10100036859512329
0.1013847291469574
0.10129164904356003
0.10110986232757568
0.10117564350366592
0.10145667940378189
0.1012926772236824
0.10092673450708389
0.10106445103883743
0.10135793685913086
0.1010439470410347
0.10120925307273865
0.10137129575014114
0.10104268044233322
0.10084324330091476
0.10098548233509064
0.10102792084217072
0.10115925967693329
0.10131970793008804
0.10106408596038818
0.10153227299451828
0.10112056136131287
0.10116399079561234
0.10120835900306702
0.10123534500598907
0.10112032294273376
0.10135478526353836
0.10092175006866455
0.10145113617181778
0.10123897343873978
0.10137274861335754
0.10120666027069092
0.10127361118793488
0.10120628029108047
0.1012088805437088
0.10150973498821259
0.1015675738453865
0.10121579468250275
0.10117761790752411
0.10142099112272263
0.10099773854017258
0.10111917555332184
0.10101993381977081
0.10121659934520721
0.10112544149160385
0.1015964224934578
0.1010243222117424
0.1012205109000206
0.10136273503303528
0.10117039084434509
0.10154557973146439
0.10173604637384415
0.10173669457435608
0.10098196566104889
0.10120338201522827
0.10117795318365097
0.1012435182929039
0.10102219879627228
0.10140826553106308
0.10089454054832458
0.10132379084825516
0.10126568377017975
0.10105825215578079
0.10116150975227356
0.1013774648308754
0.10107069462537766
0.10125512629747391
0.10156457126140594
0.10101649165153503
0.10123858600854874
0.10115621984004974
0.10108111053705215
0.10117189586162567
0.10134086012840271
0.10122953355312347
0.10117027908563614
0.1012101024389267
0.10122483968734741
0.10110457986593246
0.10109896957874298
0.10128028690814972
0.10110025852918625
0.10114668309688568
0.10142310708761215
0.10119850188493729
0.10126148164272308
0.10108734667301178
0.10114230215549469
0.10096713155508041
0.10092975944280624
0.10122796148061752
0.1012982502579689
0.1013762578368187
0.10122717171907425
0.10128694772720337
0.10116798430681229
0.10116182267665863
0.1009676605463028
0.1011335477232933
0.10127975791692734
0.10120267421007156
0.10113287717103958
0.10134568810462952
0.10110114514827728
0.10085597634315491
0.10136204212903976
0.1011139452457428
0.10098675638437271
0.10095372796058655
0.10117846727371216
0.10092666745185852
0.10083192586898804
0.1013135239481926
0.10158062726259232
0.101425401866436
0.10108745098114014
0.1011340394616127
0.10126182436943054
0.10089026391506195
0.10123170167207718
0.10117117315530777
0.1011115089058876
0.10104133933782578
0.10114302486181259
0.10099316388368607
0.10138127952814102
0.10099643468856812
0.1012253537774086
0.10149205476045609
0.10129876434803009
0.10113716125488281
0.1013762354850769
0.10110680758953094
0.10102716833353043
0.10147536545991898
0.10149480402469635
0.1010999009013176
0.10098449885845184
0.1011112853884697
0.10129518806934357
0.10116119682788849
0.1012834757566452
0.10137085616588593
0.10135520994663239
0.10119114816188812
0.1012166291475296
0.10140356421470642
0.10116150230169296
0.10125359147787094
0.10113422572612762
0.10109652578830719
0.10096408426761627
0.10102839767932892
0.10106760263442993
0.10129614174365997
0.10102715343236923
0.1015310287475586
0.10106419771909714
0.10093221813440323
0.10117360949516296
0.10124807804822922
0.10096524655818939
0.10130748152732849
0.101297527551651
0.10121387243270874
0.10148011893033981
0.10162222385406494
0.10124245285987854
0.10129918158054352
0.10139338672161102
0.10131122171878815
0.10162394493818283
0.10130191594362259
0.1008300855755806
0.10103296488523483
0.10107611119747162
0.10156325250864029
0.10114679485559464
0.1015314906835556
0.10130295157432556
0.10117840021848679
0.1007794663310051
0.10119009017944336
0.10127940773963928
0.10139219462871552
0.1012665182352066
0.10106777399778366
0.1012333557009697
0.1011723205447197
0.10113322734832764
0.10099847614765167
0.10148361325263977
0.1009724885225296
0.10137250274419785
0.1012701466679573
0.10103146731853485
0.10128024965524673
0.10147197544574738
0.10143592208623886
0.10106588155031204
0.10116688162088394
0.10117163509130478
0.10144124925136566
0.10147079825401306
0.10110995918512344
0.10144694149494171
0.10112659633159637
0.10146323591470718
0.10121171921491623
0.10125353932380676
0.10112974792718887
0.10138265788555145
0.10122590512037277
0.1010749340057373
0.10117015242576599
0.10131515562534332
0.10135343670845032
0.10116542875766754
0.10144635289907455
0.10139594227075577
0.1013876274228096
0.10137917101383209
0.10122299939393997
0.1015595942735672
0.10153035819530487
0.10132395476102829
0.10094647109508514
0.10105782747268677
0.10117381811141968
0.10087491571903229
0.10104494541883469
0.1015624925494194
0.10112231969833374
0.1014186292886734
0.10121644288301468
0.10117100179195404
0.10156174749135971
0.10120487958192825
0.10085530579090118
0.10122346132993698
0.1013089194893837
0.10118915885686874
0.10118211060762405
0.10139864683151245
0.10134676843881607
0.10121730715036392
0.1013193354010582
0.1011706292629242
0.10119170695543289
0.10150214284658432
0.1014905571937561
0.10084933042526245
0.10145385563373566
0.10132572054862976
0.101327084004879
0.10102974623441696
0.10110088437795639
0.10149398446083069
0.10115566849708557
0.10138244926929474
0.10112670063972473
0.10101188719272614
0.1014840304851532
0.10099293291568756
0.10136361420154572
0.1011900007724762
0.10122068971395493
0.10120028257369995
0.10127224773168564
0.10129083693027496
0.10109800845384598
0.10147060453891754
0.10137766599655151
0.10093849152326584
0.10113965719938278
0.1011662632226944
0.10112585127353668
0.10137047618627548
0.10117635875940323
0.10154295712709427
0.10127437859773636
0.10145092010498047
0.10119212418794632
0.10163000226020813
0.1013713851571083
0.10146060585975647
0.10142713040113449
0.10111763328313828
0.10130270570516586
0.10117849707603455
0.10124877095222473
0.10115820169448853
0.10112351924180984
0.10111173987388611
0.10131876170635223
0.10126795619726181
0.10125470161437988
0.10118547081947327
0.10128119587898254
0.10118570923805237
0.10145655274391174
0.1013074740767479
0.10119389742612839
0.10122974216938019
0.10112900286912918
0.10106563568115234
0.10102181881666183
0.10126490145921707
0.1010444238781929
0.10130439698696136
0.10125315934419632
0.1014697402715683
0.1012747585773468
0.10114395618438721
0.10099438577890396
0.10124290734529495
0.10137145221233368
0.10113049298524857
0.10119836777448654
0.10114511847496033
0.10127352923154831
0.10117947310209274
0.10103648900985718
0.10119001567363739
0.10128866136074066
0.10090292990207672
0.10101363062858582
0.10147076845169067
0.10120493918657303
0.10129723697900772
0.10127972811460495
0.10127370804548264
0.10087572038173676
0.10144755989313126
0.10127153247594833
0.10132353752851486
0.10097263753414154
0.10126619786024094
0.10095123201608658
0.10146662592887878
0.10165045410394669
0.10145991295576096
0.10144266486167908
0.10096802562475204
0.10114757716655731
0.10088976472616196
0.10125993937253952
0.10128790140151978
0.10119480639696121
0.10118503123521805
0.10102482885122299
0.1014970913529396
0.10110118240118027
0.10114212334156036
0.10120050609111786
0.10134163498878479
0.10134133696556091
0.10123120248317719
0.10133763402700424
0.10116780549287796
0.10094382613897324
0.10144440084695816
0.1010635644197464
0.10132608562707901
0.10080735385417938
0.10127095878124237
0.10143665969371796
0.10084369033575058
0.10123194754123688
0.10147598385810852
0.10138219594955444
0.10176403075456619
0.10145683586597443
0.10116016864776611
0.1012282744050026
0.10149231553077698
0.10099722445011139
0.10103920102119446
0.10127323865890503
0.1014949381351471
0.10096579045057297
0.10141856968402863
0.10118158161640167
0.10117093473672867
0.10107430070638657
0.10108273476362228
0.10149361193180084
0.10119596868753433
0.10141723603010178
0.10132874548435211
0.10122927278280258
0.10106029361486435
0.10130535811185837
0.10157819837331772
0.10167673230171204
0.10128277540206909
0.10096920281648636
0.10127543658018112
0.10120275616645813
0.10110853612422943
0.10113949328660965
0.10142594575881958
0.10114827007055283
0.10161717236042023
0.10128955543041229
0.10153528302907944
0.10141343623399734
0.10110606998205185
0.10111460834741592
0.10107503086328506
0.10131846368312836
0.10129973292350769
0.10126449167728424
0.10128100216388702
0.10121592879295349
0.10144293308258057
0.10117493569850922
0.10141060501337051
0.10127368569374084
0.10136855393648148
0.10144507884979248
0.10121587663888931
0.10138969868421555
0.10131312906742096
0.10110364109277725
0.10115083307027817
0.1014673113822937
0.10130579769611359
0.10118132829666138
0.10133475810289383
0.10115482658147812
0.10103973001241684
0.10105923563241959
0.1012992337346077
0.1012985110282898
0.10158246755599976
0.10118267685174942
0.10093196481466293
0.10131078213453293
0.10142257809638977
0.10152173787355423
0.10122077167034149
0.10133285075426102
0.10142378509044647
0.10161678493022919
0.10120295733213425
0.1014019027352333
0.10159169882535934
0.1014508530497551
0.1011900082230568
0.10155056416988373
0.10146649181842804
0.10127877444028854
0.10122022777795792
0.10143532603979111
0.10124792158603668
0.10131847113370895
0.10109462589025497
0.10141898691654205
0.10116112977266312
0.10125450044870377
0.10122495889663696
0.1012326031923294
0.10123225301504135
0.10131987184286118
0.10151304304599762
0.10108129680156708
0.10141465067863464
0.10147719085216522
0.10128967463970184
0.10163278877735138
0.10154718905687332
0.10136497020721436
0.10126195102930069
0.1015269085764885
0.10154841840267181
0.10116395354270935
0.10106942057609558
0.10132826864719391
0.10131128132343292
0.10151461511850357
0.10138171911239624
0.10148438066244125
0.10163571685552597
0.10168769210577011
0.1013612225651741
0.1011139452457428
0.10165481269359589
0.10155805945396423
0.10116712749004364
0.10133665055036545
0.10121620446443558
0.10079002380371094
0.10101501643657684
0.10144446045160294
0.10119181871414185
0.10103198140859604
0.10115538537502289
0.10097506642341614
0.10093523561954498
0.10112037509679794
0.10120336711406708
0.10062365233898163
0.10098513960838318
0.10114645212888718
0.10105577111244202
0.10103746503591537
0.10128828138113022
0.10154377669095993
0.1013520285487175
0.10120458900928497
0.10115820169448853
0.1010289266705513
0.10136593878269196
0.10125751793384552
0.10088792443275452
0.10100159794092178
0.10066870599985123
0.10120181739330292
0.1013980582356453
0.10105730593204498
0.10087146610021591
0.10132914036512375
0.10094992816448212
0.10116245597600937
0.10111209750175476
0.1013043075799942
0.10106594860553741
0.1014140322804451
0.10115010291337967
0.10117718577384949
0.10069997608661652
0.10122442245483398
0.10091615468263626
0.10131978988647461
0.10090036690235138
0.10145770013332367
0.10098589956760406
0.10089290142059326
0.10094211250543594
0.10146640986204147
0.10085863620042801
0.10185287147760391
0.1010347306728363
0.10113751143217087
0.10118798911571503
0.1012086272239685
0.10126367956399918
0.10101595520973206
0.10105034708976746
0.10118858516216278
0.10093355923891068
0.1011054739356041
0.10123912990093231
0.10124686360359192
0.1012301817536354
0.10114221274852753
0.10138966143131256
0.10114255547523499
0.10142341256141663
0.10086856037378311
0.1008710041642189
0.10090991109609604
0.10129299014806747
0.10149356722831726
0.10169786959886551
0.10151480883359909
0.10072411596775055
0.1008334681391716
0.10176920145750046
0.101861871778965
0.10100496560335159
0.1011088415980339
0.10136852413415909
0.10116253793239594
0.10097530484199524
0.10109962522983551
0.1010751724243164
0.1012590229511261
0.10128188133239746
0.10127157717943192
0.10117447376251221
0.10135804861783981
0.10103816539049149
0.10092395544052124
0.10112623125314713
0.1012568473815918
0.10080339759588242
0.10112076252698898
0.10102392733097076
0.10138719528913498
0.10115404427051544
0.10090089589357376
0.10143883526325226
0.1013953909277916
0.10138412564992905
0.10148502886295319
0.10134115070104599
0.10102599859237671
0.10116763412952423
0.10120906680822372
0.1009213998913765
0.10142120718955994
0.10183809697628021
0.1013217568397522
0.10072296112775803
0.10116859525442123
0.10122884064912796
0.10084626823663712
0.10142527520656586
0.10112431645393372
0.10126589238643646
0.10111328214406967
0.1011250913143158
0.10095339268445969
0.10113337635993958
0.10115592181682587
0.10097900032997131
0.10131938755512238
0.10089658945798874
0.10096540302038193
0.10096650570631027
0.1010725274682045
0.1010604277253151
0.10128600150346756
0.10095353424549103
0.10110364109277725
0.10132317245006561
0.10114003717899323
0.10092557966709137
0.10081548988819122
0.10124485939741135
0.10114782303571701
0.10138342529535294
0.1015595868229866
0.1013258546590805
0.10100254416465759
0.10116474330425262
0.10136627405881882
0.10137233138084412
0.10130325704813004
0.10150217264890671
0.10126020759344101
0.10145637392997742
0.10096278041601181
0.10122805833816528
0.10160818696022034
0.10084497928619385
0.10107860714197159
0.10109694302082062
0.1008734330534935
0.10091756284236908
0.10121846944093704
0.10152562707662582
0.10183150321245193
0.10133731365203857
0.10090980678796768
0.10148484259843826
0.1014341339468956
0.10085918009281158
0.10087074339389801
0.10141181200742722
0.10125675797462463
0.10136478394269943
0.10084127634763718
0.10106365382671356
0.10134628415107727
0.10097938776016235
0.101273313164711
0.10150686651468277
0.10090458393096924
0.10147326439619064
0.10117871314287186
0.1008598655462265
0.10129208117723465
0.10115362703800201
0.10122201591730118
0.10118745267391205
0.10114040970802307
0.10163421183824539
0.10138003528118134
0.10133635252714157
0.10108260810375214
0.10148638486862183
0.1011914312839508
0.1011289656162262
0.10095403343439102
0.10101716965436935
0.10140223056077957
0.10134060680866241
0.10150914639234543
0.1013912633061409
0.10142895579338074
0.10117519646883011
0.10168353468179703
0.101569265127182
0.10122574120759964
0.1011752188205719
0.10122474282979965
0.10149029642343521
0.10093466937541962
0.10128998756408691
0.1010085940361023
0.10132421553134918
0.10100008547306061
0.1011444628238678
0.10106923431158066
0.1015147790312767
0.10109139233827591
0.10122072696685791
0.10092314332723618
0.10101847350597382
0.10098326951265335
0.10133180022239685
0.10109608620405197
0.10123858600854874
0.10089665651321411
0.10098133236169815
0.10112801194190979
0.10111343860626221
0.1011720523238182
0.1012503057718277
0.10119573026895523
0.10103123635053635
0.10093843191862106
0.1008959412574768
0.10103081911802292
0.10118558257818222
0.10087654739618301
0.10132136940956116
0.10104802995920181
0.10078761726617813
0.10080575942993164
0.10078579187393188
0.10112934559583664
0.10128724575042725
0.10162439942359924
0.10093817859888077
0.1012255847454071
0.10109362006187439
0.10149923712015152
0.10129286348819733
0.10092172026634216
0.10125233978033066
0.10107043385505676
0.10155200213193893
0.10085797309875488
0.10137976706027985
0.10116492211818695
0.10111599415540695
0.1012132540345192
0.10123908519744873
0.10131318122148514
0.10146622359752655
0.10138143599033356
0.10118728131055832
0.10158777236938477
0.10136257857084274
0.10134496539831161
0.1012275367975235
0.10092194378376007
0.10125190019607544
0.10134640336036682
0.10079723596572876
0.10109200328588486
0.10127285122871399
0.10089694708585739
0.10140229761600494
0.10126554220914841
0.10097291320562363
0.10143774747848511
0.10120224207639694
0.1014767587184906
0.10091713815927505
0.10126256942749023
0.10119307786226273
0.10133101046085358
0.10085742920637131
0.1010158434510231
0.10131983458995819
0.10070361942052841
0.10112767666578293
0.1009642630815506
0.10095446556806564
0.10108425468206406
0.10155617445707321
0.10108060389757156
0.10116282850503922
0.10113552957773209
0.10117244720458984
0.1008768305182457
0.10089334845542908
0.10099545121192932
0.10136161744594574
0.10076508671045303
0.1012464165687561
0.10132382810115814
0.10164620727300644
0.10132834315299988
0.1009969413280487
0.10112936794757843
0.10142099112272263
0.10123854130506516
0.1012982502579689
0.10106893628835678
0.10143926739692688
0.10119683295488358
0.10158512741327286
0.10119984298944473
0.10130398720502853
0.10123182088136673
0.10131989419460297
0.10112486034631729
0.10119283199310303
0.10119861364364624
0.10170204937458038
0.10128673911094666
0.10124731063842773
0.10146407037973404
0.10117512196302414
0.1008174791932106
0.10123859345912933
0.10104139894247055
0.1009468361735344
0.10083039104938507
0.1013365313410759
0.10101708024740219
0.10111280530691147
0.10133787989616394
0.10120237618684769
0.10127931088209152
0.10070972144603729
0.1011563092470169
0.10149097442626953
0.10099150240421295
0.10114067792892456
0.10127924382686615
0.10127434134483337
0.10128694772720337
0.10112892836332321
0.10122411698102951
0.10089492052793503
0.10080384463071823
0.10118473321199417
0.10107693076133728
0.10095037519931793
0.10095875710248947
0.1011393740773201
0.10134845972061157
0.10114298015832901
0.10133673250675201
0.10129078477621078
0.1013212576508522
0.1012377068400383
0.1009199395775795
0.10092640668153763
0.10153912007808685
0.1014169454574585
0.10118842869997025
0.10131789743900299
0.10156640410423279
0.10122045874595642
0.10116977244615555
0.10134938359260559
0.10149715840816498
0.10106515884399414
0.10083549469709396
0.10129328817129135
0.1011229008436203
0.10149817913770676
0.10132663697004318
0.1011822521686554
0.10154953598976135
0.10133765637874603
0.10119497030973434
0.10118913650512695
0.10111046582460403
0.10114724934101105
0.1008690595626831
0.10119592398405075
0.10104858130216599
0.10141246765851974
0.10129230469465256
0.10112234205007553
0.10158102214336395
0.10123860090970993
0.10137861967086792
0.10124018043279648
0.10148104280233383
0.10107427090406418
0.10115334391593933
0.1008857786655426
0.10133098065853119
0.10168735682964325
0.10115598142147064
0.10131216794252396
0.10112116485834122
0.10114575177431107
0.10097849369049072
0.10093530267477036
0.10096999257802963
0.10113565623760223
0.10123997926712036
0.10105382651090622
0.10119456797838211
0.10119051486253738
0.10127551853656769
0.10162980854511261
0.10091876983642578
0.10087251663208008
0.10146638751029968
0.1017160713672638
0.10107921063899994
0.1011277288198471
0.10115605592727661
0.10115406662225723
0.10115960985422134
0.10089963674545288
0.10114821046590805
0.10121428221464157
0.10110035538673401
0.10188396275043488
0.10139016807079315
0.10090720653533936
0.10122847557067871
0.10128957033157349
0.10132485628128052
0.10086505860090256
0.10151714086532593
0.10134571045637131
0.10091215372085571
0.10100355744361877
0.10130041837692261
0.10098941624164581
0.10118158161640167
0.1012570783495903
0.10181207209825516
0.10155408829450607
0.10133728384971619
0.1015501543879509
0.10121939331293106
0.10148055106401443
0.10132300853729248
0.1012151911854744
0.10131140798330307
0.10074116289615631
0.10097499191761017
0.10100721567869186
0.10126879811286926
0.10093651711940765
0.10084214806556702
0.101376011967659
0.1007249653339386
0.10096311569213867
0.1014959067106247
0.10077714174985886
0.1011737585067749
0.10155349969863892
0.10128752142190933
0.10092228651046753
0.10140937566757202
0.10122928768396378
0.10113394260406494
0.10100889950990677
0.10125002264976501
0.1013086661696434
0.10116497427225113
0.10111280530691147
0.10119341313838959
0.10101158171892166
0.10126948356628418
0.10146745294332504
0.10081937909126282
0.10119692981243134
0.10105795413255692
0.10147643834352493
0.10132020711898804
0.10106386244297028
0.10123615711927414
0.10106883943080902
0.1014363169670105
0.10120832920074463
0.10099583864212036
0.10114430636167526
0.10113339126110077
0.10086461901664734
0.10118932276964188
0.10123226046562195
0.10116423666477203
0.10113810747861862
0.1010209172964096
0.10111406445503235
0.10099811851978302
0.10119996964931488
0.10130183398723602
0.10103785991668701
0.1009400486946106
0.10133512318134308
0.10097231715917587
0.10120482742786407
0.1016308143734932
0.10154475271701813
0.10127805918455124
0.10189548134803772
0.1011120080947876
0.10096939653158188
0.10104004293680191
0.10101981461048126
0.1012275218963623
0.10112796723842621
0.10159660130739212
0.1007412001490593
0.10140156745910645
0.10090161859989166
0.10148795694112778
0.10135959833860397
0.10172484815120697
0.1018061563372612
0.10132399946451187
0.1011054664850235
0.10058297216892242
0.10117124021053314
0.10166306048631668
0.1013685092329979
0.10100904107093811
0.10127419233322144
0.10079300403594971
0.10128044337034225
0.10122692584991455
0.10119175910949707
0.10118671506643295
0.10132749378681183
0.10128169506788254
0.10112063586711884
0.10150396823883057
0.10167721658945084
0.1018277183175087
0.10116289556026459
0.10078194737434387
0.10094516724348068
0.10123496502637863
0.10122141987085342
0.10113181173801422
0.10119125992059708
0.1014275997877121
0.10129223763942719
0.10125396400690079
0.10099688172340393
0.10120301693677902
0.10101765394210815
0.10105449706315994
0.10143595188856125
0.10143869370222092
0.10109686851501465
0.10099263489246368
0.1016266718506813
0.10109864175319672
0.10108789801597595
0.10099039226770401
0.10113544762134552
0.10090477019548416
0.1011894941329956
0.1012796014547348
0.10144080966711044
0.10119901597499847
0.10133730620145798
0.10132269561290741
0.10139197111129761
0.10106176882982254
0.101242296397686
0.10100995004177094
0.10093621164560318
0.10090406984090805
0.10133042931556702
0.10141336917877197
0.1014498621225357
0.10127833485603333
0.10144926607608795
0.10146377235651016
0.10112523287534714
0.10123367607593536
0.10121124237775803
0.10108532011508942
0.10088228434324265
0.10110528022050858
0.10114867985248566
0.10121946036815643
0.10095562785863876
0.10099531710147858
0.10125245898962021
0.10104594379663467
0.10110025852918625
0.10125113278627396
0.10111925005912781
0.10118058323860168
0.10133083909749985
0.10125313699245453
0.10109873116016388
0.10129000246524811
0.10157442092895508
0.10122951120138168
0.10118144750595093
0.101079061627388
0.10106757283210754
0.1012234091758728
0.10145117342472076
0.10147619247436523
0.10124976933002472
0.10125561058521271
0.10122323781251907
0.10112624615430832
0.10115747898817062
0.1012316420674324
0.10136112570762634
0.10112059861421585
0.10100854188203812
0.10154183208942413
0.10203897953033447
0.10136198252439499
0.10137954354286194
0.1011984646320343
0.1011471226811409
0.10157445818185806
0.10135766863822937
0.10132236033678055
0.1013430505990982
0.10127684473991394
0.10171928256750107
0.1016809269785881
0.10167287290096283
0.10119856148958206
0.10110999643802643
0.10112187266349792
0.10086839646100998
0.10123544931411743
0.10144155472517014
0.10105400532484055
0.10173483937978745
0.10102720558643341
0.1015288233757019
0.10113639384508133
0.10090720653533936
0.10106127709150314
0.10124640166759491
0.101167231798172
0.10156518965959549
0.10123317688703537
0.10108345001935959
0.10161363333463669
0.10082356631755829
0.10126246511936188
0.1011161208152771
0.10168836265802383
0.10138189047574997
0.10141783207654953
0.10139337182044983
0.10160735249519348
0.10111603140830994
0.10169713944196701
0.10085209459066391
0.10122100263834
0.10094022005796432
0.10115306824445724
0.10179289430379868
0.10110366344451904
0.10117911547422409
0.10128448903560638
0.10126949846744537
0.10119199007749557
0.10126181691884995
0.10184445232152939
0.10154551267623901
0.10120005160570145
0.1013389304280281
0.10103829205036163
0.10119073837995529
0.10132613778114319
0.10122157633304596
0.10109791159629822
0.10118787735700607
0.10145045071840286
0.10121497511863708
0.10088479518890381
0.10120325535535812
0.1012493297457695
0.10108456015586853
0.10134665668010712
0.10124959796667099
0.10091064125299454
0.10102597624063492
0.10142771154642105
0.10139317065477371
0.10115630179643631
0.10138149559497833
0.10098862648010254
0.10128116607666016
0.10149912536144257
0.10151037573814392
0.10163992643356323
0.10080008208751678
0.10096483677625656
0.10089951753616333
0.10103172808885574
0.10158086568117142
0.10161697119474411
0.1014353334903717
0.10097388178110123
0.10115032643079758
0.10124898701906204
0.10086464136838913
0.10092038661241531
0.10101312398910522
0.10097167640924454
0.10128016024827957
0.10112381726503372
0.10115539282560349
0.10118916630744934
0.10109325498342514
0.10129939019680023
0.10117702186107635
0.10130999982357025
0.10126925259828568
0.10119181871414185
0.1012602224946022
0.10103070735931396
0.1009000837802887
0.10148108750581741
0.10097543150186539
0.10086007416248322
0.1010199785232544
0.10114836692810059
0.10110823065042496
0.10114239901304245
0.10100078582763672
0.10147511214017868
0.10095500946044922
0.10096461325883865
0.10123750567436218
0.10135024040937424
0.10094726830720901
0.10172933340072632
0.10117924213409424
0.10131168365478516
0.10122188180685043
0.1014334037899971
0.10106828808784485
0.10099824517965317
0.10115405917167664
0.10123658925294876
0.10107618570327759
0.10084240138530731
0.10092084854841232
0.1009766235947609
0.1014334112405777
0.1013326644897461
0.10142834484577179
0.10113225877285004
0.10088066011667252
0.10141710937023163
0.10124069452285767
0.10135940462350845
0.10089503973722458
0.10129420459270477
0.10119776427745819
0.10116425156593323
0.10104911774396896
0.1009494811296463
0.10125108808279037
0.10121035575866699
0.10138600319623947
0.10131873190402985
0.10127372294664383
0.10123368352651596
0.1011565625667572
0.10099580138921738
0.10124604403972626
0.10106334835290909
0.10116615891456604
0.10143724828958511
0.10088171064853668
0.1012488380074501
0.10066533833742142
0.1012178435921669
0.10083508491516113
0.10099028050899506
0.10131403803825378
0.10109762102365494
0.1012137234210968
0.10099102556705475
0.10088524967432022
0.10146109759807587
0.10117606818675995
0.10100202262401581
0.10117478668689728
0.10114192217588425
0.10093910247087479
0.10081673413515091
0.1010725125670433
0.10121861100196838
0.1014019027352333
0.10126175731420517
0.10100159049034119
0.1013493612408638
0.10086390376091003
0.10128672420978546
0.10130888968706131
0.10067638754844666
0.10108168423175812
0.10105463117361069
0.10093852877616882
0.10115863382816315
0.1008676066994667
0.10103680938482285
0.10126091539859772
0.1013743206858635
0.10113900899887085
0.10121482610702515
0.10129589587450027
0.10109392553567886
0.10107871890068054
0.10090088099241257
0.10081782191991806
0.10134779661893845
0.10101249814033508
0.10158506035804749
0.10117138922214508
0.10089167952537537
0.10098234564065933
0.10101789981126785
0.10139711201190948
0.10101078450679779
0.10107085108757019
0.10095972567796707
0.10083454102277756
0.10099102556705475
0.1009802594780922
0.10112959146499634
0.10101351886987686
0.10086689889431
0.10123342275619507
0.10127933323383331
0.10110963135957718
0.10129199177026749
0.10079921036958694
0.10065945982933044
0.10118720680475235
0.10113205760717392
0.10098108649253845
0.10113010555505753
0.10085346549749374
0.1009119525551796
0.10108058154582977
0.10109172761440277
0.10104036331176758
0.10150697827339172
0.10102285444736481
0.10099216550588608
0.1012100875377655
0.10099524259567261
0.10094951838254929
0.10112316906452179
0.10111460834741592
0.10137985646724701
0.10116276890039444
0.1011962965130806
0.10103222727775574
0.1010277196764946
0.10148622840642929
0.10104112327098846
0.10101252794265747
0.10121730715036392
0.10103382170200348
0.10132640600204468
0.10115160048007965
0.10086490213871002
0.10101048648357391
0.10110515356063843
0.10086697340011597
0.10117323696613312
0.10093933343887329
0.10130884498357773
0.10096102207899094
0.10079214721918106
0.10127753019332886
0.10093706101179123
0.10134553164243698
0.10109440982341766
0.1008654460310936
0.10129853338003159
0.10097885131835938
0.10076926648616791
0.10090602934360504
0.1008242592215538
0.10105262696743011
0.10119880735874176
0.10150264203548431
0.10101751238107681
0.10102496296167374
0.1011139452457428
0.10130316764116287
0.10094578564167023
0.10148812085390091
0.10097292065620422
0.10141368955373764
0.10139135271310806
0.10135389864444733
0.10142037272453308
0.10127390921115875
0.10133539140224457
0.10090003162622452
0.10089588910341263
0.10079769045114517
0.10086965560913086
0.10151709616184235
0.10117070376873016
0.10097544640302658
0.10077694058418274
0.1011882796883583
0.10110784322023392
0.10118822008371353
0.10138436406850815
0.10151413083076477
0.10099492967128754
0.1013316735625267
0.10106192529201508
0.10151790827512741
0.10145591199398041
0.10154503583908081
0.1012735366821289
0.10153715312480927
0.10094066709280014
0.10107331722974777
0.10087606310844421
0.10091233253479004
0.10097969323396683
0.10136513411998749
0.10133494436740875
0.10136988759040833
0.10100438445806503
0.1011032685637474
0.1010001003742218
0.1015695184469223
0.1011584997177124
0.10121465474367142
0.10131508857011795
0.1012057438492775
0.1014055535197258
0.10136168450117111
0.10082440078258514
0.10081108659505844
0.10085397958755493
0.10139745473861694
0.10102758556604385
0.10101045668125153
0.10122577100992203
0.10155842453241348
0.10114161670207977
0.10085873305797577
0.10080239176750183
0.10109971463680267
0.10094190388917923
0.10076648741960526
0.10113915801048279
0.10109291970729828
0.10089238733053207
0.10087202489376068
0.10099881142377853
0.1008085310459137
0.10099241137504578
0.1008925661444664
0.10099806636571884
0.10102330148220062
0.10111574083566666
0.10084191709756851
0.10121986269950867
0.10125732421875
0.10114046186208725
0.10080627351999283
0.101276695728302
0.10107836872339249
0.10096543282270432
0.10109037905931473
0.10117226839065552
0.10090861469507217
0.10122216492891312
0.10091172903776169
0.10104796290397644
0.10085947811603546
0.10090664774179459
0.10070826858282089
0.1016230583190918
0.10152792930603027
0.1012435331940651
0.10101262480020523
0.10087171196937561
0.10123418271541595
0.10092612355947495
0.10081788152456284
0.10088838636875153
0.10095279663801193
0.10072294622659683
0.1006404235959053
0.10084591060876846
0.10105157643556595
0.10074719786643982
0.10082235932350159
0.10147097706794739
0.10126036405563354
0.10097111016511917
0.10107802599668503
0.1011398583650589
0.10103236138820648
0.10137360543012619
0.10122937709093094
0.10076785832643509
0.10105011612176895
