11.077316284179688
8.866477966308594
9.874150276184082
3.4909169673919678
5.178319931030273
3.533902406692505
8.268241882324219
4.681094169616699
5.644709587097168
11.963756561279297
7.232688903808594
6.21027135848999
9.095434188842773
7.740511894226074
8.910066604614258
6.596938610076904
6.036137580871582
9.170197486877441
10.563414573669434
5.004028797149658
7.213159561157227
9.333525657653809
7.430145263671875
6.653779029846191
5.715007781982422
7.0197601318359375
8.471835136413574
9.494514465332031
7.942573547363281
7.848456382751465
7.000789642333984
6.529097080230713
8.279561042785645
9.947522163391113
6.294035911560059
5.004576206207275
7.872600555419922
7.196332931518555
11.259793281555176
5.665603160858154
8.187396049499512
6.164431571960449
9.882816314697266
6.723376274108887
9.176523208618164
9.20264720916748
8.91181755065918
5.631208419799805
4.771579742431641
6.3809075355529785
9.347700119018555
4.447022438049316
3.956580638885498
8.555875778198242
7.819329261779785
6.643931865692139
5.14873743057251
6.976560592651367
5.173764228820801
6.919388771057129
9.86239242553711
8.101768493652344
6.131534099578857
9.646636962890625
11.730838775634766
8.671939849853516
9.352703094482422
6.518017292022705
8.607521057128906
5.533381462097168
6.520834922790527
8.02109432220459
9.978606224060059
8.071633338928223
6.221127510070801
8.492863655090332
8.30001449584961
7.936882019042969
7.868338584899902
4.200166702270508
10.627459526062012
4.583529949188232
6.143429756164551
5.5245232582092285
7.305359363555908
4.61898136138916
4.413978576660156
6.300838947296143
5.929948806762695
9.948413848876953
10.98707389831543
6.9640116691589355
7.54703426361084
8.768447875976562
8.836601257324219
7.980187892913818
7.418004035949707
5.564130783081055
9.033106803894043
9.439208984375
5.881958484649658
7.4389448165893555
7.814999580383301
5.56709098815918
8.326817512512207
9.187982559204102
8.781797409057617
8.549764633178711
5.654871940612793
6.982564926147461
4.8222479820251465
4.339055061340332
8.69887638092041
5.595831394195557
7.0704450607299805
10.994490623474121
9.960976600646973
13.691779136657715
7.478730201721191
9.084970474243164
9.722240447998047
8.926559448242188
4.90090799331665
6.751908779144287
4.8923773765563965
10.662771224975586
6.252568244934082
3.5629756450653076
4.839691162109375
7.126890659332275
6.594364166259766
9.602678298950195
5.346640586853027
7.42995023727417
9.085556030273438
7.455101013183594
9.554912567138672
5.982908248901367
6.483896732330322
5.554721832275391
7.63863468170166
8.032759666442871
6.083098888397217
4.844778060913086
4.368957996368408
6.643970012664795
7.119913101196289
8.117631912231445
5.709525108337402
6.442682266235352
5.334917068481445
7.467327117919922
8.122371673583984
6.573141098022461
4.3734941482543945
4.366509437561035
6.556619644165039
9.014127731323242
7.070321083068848
8.343931198120117
7.37131404876709
5.930208683013916
6.915218353271484
5.8121538162231445
7.809026718139648
6.33961820602417
5.152137279510498
8.880253791809082
8.402012825012207
7.005620956420898
11.434248924255371
4.083868980407715
4.94700813293457
4.8804850578308105
7.528591156005859
4.36893367767334
10.331092834472656
9.599601745605469
5.451606273651123
7.3583269119262695
5.662079811096191
6.728353500366211
6.776642799377441
5.785930156707764
5.583916664123535
6.370617389678955
5.021909713745117
6.2783942222595215
7.941811561584473
5.6410675048828125
7.704630374908447
5.085335731506348
7.3029680252075195
7.301267623901367
5.797961235046387
7.345564842224121
5.775467395782471
12.30854320526123
6.230013370513916
4.172227382659912
7.786831855773926
4.359866619110107
4.851052284240723
5.133851051330566
10.618953704833984
5.18688440322876
5.501921653747559
6.383783340454102
7.20829439163208
4.131233215332031
4.759133815765381
5.010684967041016
8.71463680267334
5.225797176361084
6.973273277282715
6.814639568328857
6.618797302246094
7.122828960418701
5.872036933898926
4.854885578155518
5.893833637237549
11.580292701721191
7.610046863555908
4.731274604797363
8.400327682495117
4.914506435394287
7.307331085205078
7.889359474182129
5.723747253417969
7.29136848449707
4.328970909118652
9.198283195495605
7.196359634399414
7.724684715270996
6.805430889129639
4.9461493492126465
5.973749160766602
6.515834331512451
5.279292583465576
7.0766472816467285
10.420817375183105
3.6684234142303467
5.732119083404541
11.088078498840332
4.295958995819092
4.943487644195557
9.250844955444336
5.687312602996826
5.253777503967285
5.10211181640625
9.771171569824219
6.3609819412231445
12.037694931030273
5.286434173583984
4.931982517242432
5.245835304260254
6.465765953063965
5.548334121704102
4.861878395080566
8.141362190246582
6.094762802124023
6.093327522277832
4.8302903175354
6.550318717956543
8.127988815307617
6.537568092346191
4.801102638244629
6.547241687774658
7.665615558624268
6.22381591796875
6.890624523162842
3.474764347076416
6.7899322509765625
8.189476013183594
7.519781589508057
7.973073959350586
3.625835657119751
6.29454231262207
5.147934436798096
6.500345230102539
6.598479270935059
8.69952392578125
3.4128599166870117
7.155741214752197
6.981559753417969
9.79578971862793
9.94125747680664
5.868929386138916
10.065699577331543
5.290055274963379
5.191381454467773
5.81032657623291
5.289208889007568
11.379997253417969
6.110316276550293
7.778933525085449
8.232714653015137
7.142596244812012
4.115383148193359
6.404428958892822
5.231838703155518
4.406234264373779
2.9979259967803955
5.419703006744385
7.541688442230225
9.96679401397705
5.911409854888916
8.39120101928711
4.4775543212890625
5.547728538513184
6.795324802398682
9.897514343261719
6.862377643585205
8.20255184173584
10.948253631591797
8.747426986694336
9.331500053405762
4.258386611938477
11.940320014953613
8.902509689331055
5.362506866455078
8.105181694030762
6.127528190612793
8.592294692993164
8.282511711120605
5.3369526863098145
7.409684658050537
5.107253074645996
5.629687309265137
6.352017402648926
6.075372219085693
9.845839500427246
6.408867359161377
7.637931823730469
7.020378589630127
5.908205986022949
7.8270769119262695
6.935142993927002
8.482337951660156
9.604046821594238
7.157759189605713
3.981966972351074
6.47272253036499
7.263501167297363
5.52625036239624
9.032205581665039
5.747179985046387
7.0660810470581055
8.121842384338379
4.5069427490234375
4.96113395690918
10.6732177734375
6.3063063621521
7.172028541564941
6.012747764587402
6.53846549987793
8.409774780273438
5.757944107055664
9.739566802978516
8.80948543548584
7.164538383483887
3.96051025390625
9.488643646240234
4.99574613571167
6.502934455871582
7.7485857009887695
8.344132423400879
5.082903861999512
3.3738574981689453
9.257223129272461
5.188043117523193
4.76685905456543
7.160372257232666
7.0560832023620605
6.574348449707031
6.262262344360352
7.367692947387695
6.131659984588623
8.950383186340332
6.821845531463623
6.06119441986084
6.484736442565918
8.585095405578613
5.740610122680664
8.399713516235352
10.66576099395752
7.881280422210693
5.325178146362305
5.576261043548584
3.792572259902954
6.397019863128662
5.48799991607666
5.84397554397583
9.340700149536133
7.746048927307129
5.557225227355957
7.763944149017334
6.243807315826416
5.8847246170043945
8.583354949951172
11.234014511108398
4.4486083984375
7.634969234466553
8.772347450256348
8.323042869567871
4.704019546508789
10.86229133605957
7.235409259796143
6.940942764282227
5.534824371337891
7.215818881988525
4.697484970092773
7.5359601974487305
8.888272285461426
7.8008222579956055
5.957964897155762
6.599966526031494
5.309467315673828
6.44904899597168
6.547987937927246
10.752071380615234
3.9043562412261963
9.446025848388672
10.336326599121094
7.31959867477417
4.587833404541016
8.4298095703125
5.318183898925781
5.548763275146484
7.5911865234375
5.910039901733398
9.145583152770996
6.549472808837891
11.544689178466797
6.248651504516602
7.338370323181152
7.539290904998779
5.34024715423584
10.441263198852539
5.285748481750488
6.606785774230957
9.104001998901367
7.876721382141113
9.142865180969238
10.376075744628906
7.604336261749268
6.932286262512207
7.009298324584961
9.10684585571289
5.2126264572143555
8.050362586975098
4.826755523681641
6.299686431884766
9.96847915649414
11.640257835388184
8.151004791259766
3.8853800296783447
4.531750679016113
7.55954647064209
5.808661937713623
9.74949836730957
4.261833190917969
4.376286506652832
8.125429153442383
4.654965400695801
7.162348747253418
8.721633911132812
6.9256792068481445
4.673119068145752
7.680217742919922
6.733205318450928
7.274779319763184
6.239287376403809
8.91059684753418
8.07363224029541
5.344818115234375
4.693974494934082
9.394241333007812
8.319893836975098
9.774839401245117
6.558377265930176
6.279972553253174
8.672187805175781
10.30392837524414
4.11440372467041
7.273531436920166
4.807478427886963
8.18885612487793
6.663092613220215
10.012409210205078
10.829795837402344
4.438461780548096
8.60486888885498
8.21822452545166
8.643115997314453
3.2121987342834473
7.864951133728027
11.598834991455078
4.479855537414551
8.206247329711914
4.373683452606201
6.8738861083984375
5.89794397354126
6.367260456085205
8.884200096130371
9.226337432861328
8.500819206237793
7.49154806137085
4.010470867156982
5.371077537536621
4.93589973449707
5.872479438781738
5.464877605438232
7.914668560028076
6.248705863952637
6.447142601013184
4.138245105743408
5.675681114196777
4.094158172607422
8.100041389465332
6.463343620300293
5.723422527313232
6.616847991943359
5.441594123840332
7.183809280395508
8.93364143371582
8.555667877197266
7.525771141052246
6.790317535400391
6.079663276672363
4.714280128479004
6.049832820892334
6.372057914733887
7.04337215423584
4.877239227294922
4.7818169593811035
7.615940093994141
6.323256492614746
7.968708038330078
12.135037422180176
8.25361442565918
11.167068481445312
6.200747489929199
6.795788764953613
9.278120040893555
4.220473289489746
6.594209671020508
5.857602119445801
8.30494213104248
7.9710893630981445
6.033127784729004
5.812265872955322
11.066089630126953
8.52467155456543
7.971288681030273
5.9976325035095215
6.441265106201172
10.728806495666504
7.608293533325195
7.208240985870361
5.704106330871582
8.942081451416016
5.78439998626709
9.19420337677002
10.467855453491211
7.363655090332031
4.566400527954102
7.484368801116943
13.207282066345215
7.343721389770508
6.987005233764648
8.096028327941895
6.627937316894531
7.298403739929199
5.203016757965088
5.539119720458984
7.4752912521362305
6.55119514465332
6.757421493530273
6.231189727783203
5.4199347496032715
7.400765419006348
4.9111480712890625
4.032371520996094
7.4693403244018555
6.024148941040039
8.423871040344238
5.014533519744873
9.087543487548828
10.042895317077637
6.025574684143066
10.353593826293945
5.160520076751709
6.91036319732666
5.031065464019775
11.38197135925293
6.253762722015381
4.866854667663574
3.2200567722320557
8.439936637878418
6.497520923614502
4.5211591720581055
9.323490142822266
5.009106159210205
9.263627052307129
5.7053117752075195
7.909908294677734
5.085877895355225
10.090410232543945
7.722018241882324
7.167453765869141
6.120225429534912
4.227386951446533
8.539773941040039
7.097372055053711
8.054220199584961
5.493797779083252
4.670432090759277
7.098642349243164
5.134180068969727
8.39408016204834
10.185417175292969
5.226614952087402
7.267801284790039
9.899618148803711
8.26362419128418
7.422488689422607
6.266827583312988
6.084333419799805
8.973517417907715
8.264165878295898
11.077316284179688
9.76203441619873
6.248749256134033
6.6493330001831055
3.4881818294525146
7.928264617919922
4.101265907287598
9.152584075927734
3.6486191749572754
10.789180755615234
9.302087783813477
7.008014678955078
11.492502212524414
11.515109062194824
10.789226531982422
7.026875972747803
8.791994094848633
10.65267276763916
6.039869785308838
6.673683166503906
8.373449325561523
4.160737991333008
10.6430025100708
12.121969223022461
6.095232009887695
5.241520404815674
8.477034568786621
6.464821815490723
7.502172470092773
6.203795433044434
6.550144195556641
5.780486106872559
9.417430877685547
7.144500732421875
6.754068374633789
7.834131240844727
6.058529853820801
4.355834484100342
7.070910453796387
6.854809761047363
5.740211486816406
7.078656196594238
8.842544555664062
9.398374557495117
14.188602447509766
7.7175188064575195
6.126643180847168
4.658280372619629
6.112900733947754
7.717643737792969
4.560555458068848
6.584232330322266
7.680672645568848
4.046186447143555
7.891585826873779
11.44310188293457
8.54721736907959
8.250968933105469
6.381427764892578
5.8394365310668945
6.560959815979004
6.060202598571777
5.226624965667725
9.308036804199219
9.001031875610352
5.923151016235352
9.047452926635742
5.048048496246338
7.346182346343994
6.324396133422852
7.573513984680176
7.780113220214844
5.910075664520264
8.919236183166504
10.332389831542969
7.252903938293457
10.383041381835938
9.265605926513672
7.223675727844238
4.966261863708496
5.209073066711426
10.784313201904297
8.71243667602539
3.8767707347869873
5.369712829589844
7.858633995056152
4.516716957092285
6.18345832824707
6.176630973815918
7.131983757019043
5.348621368408203
10.034965515136719
10.573923110961914
7.965867042541504
7.644386291503906
8.756453514099121
7.4528937339782715
12.353616714477539
7.320072650909424
3.8814826011657715
7.677326202392578
7.460884094238281
7.207722187042236
8.14550495147705
8.763343811035156
6.685966491699219
6.8503618240356445
4.89161491394043
6.255851745605469
8.972933769226074
7.205883979797363
4.570438385009766
6.003343105316162
7.621568202972412
7.015855312347412
5.30966329574585
10.4385404586792
7.679075241088867
5.871420383453369
8.183439254760742
7.977522850036621
8.019943237304688
5.655660629272461
11.283487319946289
6.7939629554748535
8.013998031616211
10.669177055358887
7.99940299987793
6.23192024230957
8.309986114501953
6.998444080352783
10.49098014831543
6.518255233764648
6.481734275817871
13.028467178344727
9.33973217010498
8.032593727111816
5.670462608337402
6.788678169250488
9.520502090454102
6.263879776000977
11.84660530090332
6.58449649810791
6.01613712310791
11.219356536865234
5.974696159362793
12.806507110595703
7.646315574645996
6.678736209869385
6.0546417236328125
9.177417755126953
5.179951190948486
7.325595378875732
8.21920108795166
6.557760715484619
9.648431777954102
10.119800567626953
7.3116984367370605
4.351603984832764
6.609676837921143
11.712152481079102
4.7720417976379395
5.683953285217285
9.694955825805664
6.506509780883789
6.056941032409668
6.1537089347839355
6.982761383056641
5.345149517059326
5.267743110656738
11.714866638183594
7.03485107421875
7.250104904174805
8.407618522644043
11.24237060546875
6.831485271453857
9.822843551635742
10.306947708129883
6.837437629699707
7.329652786254883
6.782866954803467
8.028457641601562
9.328173637390137
2.941358804702759
4.536665916442871
7.7603654861450195
8.093664169311523
6.512232303619385
8.894769668579102
5.4523186683654785
8.246828079223633
5.608365058898926
7.608091354370117
7.893326759338379
6.893766403198242
4.127833843231201
7.942623138427734
9.946515083312988
8.749516487121582
7.384839057922363
6.571614742279053
4.382906436920166
8.09726333618164
10.740493774414062
3.714115858078003
6.989177227020264
10.689447402954102
4.859330654144287
6.081105709075928
9.043773651123047
4.0556745529174805
5.426050186157227
9.83558464050293
6.01023006439209
3.749115467071533
5.898777961730957
8.851893424987793
9.960724830627441
6.79955530166626
4.179986476898193
7.729775428771973
6.450649261474609
12.72607421875
4.440608501434326
11.681108474731445
5.962477207183838
5.682135105133057
7.017251968383789
7.689340591430664
6.592831134796143
4.858356952667236
4.611918926239014
5.233644485473633
4.412317752838135
4.340571403503418
4.637197971343994
5.518572807312012
5.0264997482299805
4.744502067565918
7.353463649749756
4.228487491607666
6.33672571182251
11.726755142211914
7.136216163635254
7.831334590911865
8.50001049041748
4.663999557495117
5.2039923667907715
10.868289947509766
8.27564811706543
5.770086288452148
9.667115211486816
7.306276321411133
4.790435791015625
7.021947860717773
7.898920059204102
9.09434700012207
6.510514736175537
5.720078468322754
7.733872413635254
5.621331214904785
8.475747108459473
5.860677242279053
9.05828857421875
4.047041416168213
6.228958606719971
6.8813982009887695
6.7131547927856445
5.7405242919921875
5.875189781188965
7.924328327178955
4.773496627807617
5.599581718444824
8.967891693115234
8.91736888885498
7.378130912780762
6.061550617218018
6.416046142578125
6.125038146972656
7.687973976135254
5.8740668296813965
7.309775352478027
6.5720367431640625
6.244858741760254
7.7067155838012695
4.588830947875977
9.16201400756836
6.5100932121276855
9.48699951171875
6.078282833099365
9.345270156860352
8.463737487792969
6.917267799377441
16.16208267211914
5.139939785003662
11.37042236328125
6.665808200836182
6.940511703491211
6.76066780090332
8.094717025756836
6.5643768310546875
7.616957187652588
3.997786283493042
5.919267654418945
7.93084716796875
3.579512357711792
7.133851528167725
6.975767135620117
9.584877967834473
5.999719142913818
8.91037368774414
7.570296287536621
6.486294746398926
7.390878677368164
8.704574584960938
6.400982856750488
8.339365005493164
10.032756805419922
7.0804219245910645
8.396865844726562
5.980058670043945
4.954535484313965
4.996379375457764
9.26025390625
9.87259292602539
6.318610191345215
9.277729034423828
8.821316719055176
8.626251220703125
8.026717185974121
7.5511016845703125
4.956430912017822
7.324143409729004
6.604278564453125
8.980091094970703
5.930010795593262
5.38897705078125
4.945441246032715
10.714645385742188
6.560392379760742
5.208845138549805
6.762149333953857
9.312956809997559
9.169961929321289
8.930585861206055
6.6589860916137695
9.069218635559082
8.695268630981445
3.8407950401306152
5.550861358642578
7.587928771972656
3.543349266052246
7.5527496337890625
4.9723100662231445
9.454984664916992
12.546951293945312
6.053325653076172
8.532955169677734
4.885173797607422
6.134920120239258
9.751371383666992
8.300048828125
10.007772445678711
6.721307277679443
7.820486068725586
7.455205917358398
8.746297836303711
3.365257740020752
8.242074966430664
6.957902908325195
8.102788925170898
7.079172611236572
5.0206427574157715
6.682391166687012
7.396755218505859
7.091963291168213
4.701712608337402
4.52753210067749
5.815787315368652
3.477874279022217
8.289301872253418
6.1888604164123535
5.843981742858887
6.155797958374023
5.806281089782715
8.376140594482422
6.4506378173828125
7.269980430603027
6.27235746383667
4.261127948760986
5.6670050621032715
8.240924835205078
9.99020004272461
4.919311046600342
8.206171035766602
5.761020183563232
5.884260177612305
5.219264984130859
6.336451053619385
8.62809944152832
9.047430038452148
5.735776424407959
7.024092674255371
7.486847400665283
8.718669891357422
5.366476535797119
12.271524429321289
3.4581220149993896
6.303592681884766
5.574437141418457
11.774911880493164
6.661077976226807
10.772910118103027
5.143194675445557
8.296989440917969
10.621526718139648
7.305833339691162
7.053738117218018
10.60279655456543
6.645209312438965
5.585378646850586
5.0256547927856445
5.281267166137695
5.906233310699463
11.137063026428223
5.617963790893555
6.110316276550293
6.633862495422363
9.723237991333008
10.91878890991211
7.56630802154541
5.776004791259766
8.619577407836914
7.294228553771973
8.278205871582031
6.723863124847412
5.464554786682129
7.5366621017456055
8.206775665283203
8.134956359863281
7.810168266296387
8.642427444458008
9.114130973815918
7.150833606719971
8.434065818786621
6.151045799255371
10.977702140808105
11.420088768005371
6.106520652770996
9.092243194580078
10.150449752807617
6.192573547363281
9.836942672729492
7.89900016784668
5.894071578979492
8.466985702514648
7.38886833190918
9.420415878295898
12.992856979370117
7.677823066711426
6.766045093536377
5.690777778625488
6.383447170257568
5.35359001159668
10.011625289916992
4.845556259155273
7.287464141845703
8.217859268188477
7.8100738525390625
9.095151901245117
9.563699722290039
7.880940914154053
12.263410568237305
6.424708366394043
3.9956488609313965
6.471714019775391
6.397390842437744
6.685124397277832
7.948858737945557
7.802244186401367
9.149463653564453
7.087353706359863
10.074066162109375
5.074987411499023
5.684601783752441
3.8580875396728516
7.264554023742676
6.169726371765137
7.851632595062256
7.922486305236816
10.54556655883789
7.049720764160156
11.077564239501953
6.865058898925781
12.368718147277832
7.304002285003662
6.732675552368164
8.621346473693848
7.335396766662598
9.657966613769531
5.419013500213623
7.4028778076171875
5.283543586730957
7.0525712966918945
5.63262939453125
7.5671305656433105
9.115888595581055
6.622729301452637
4.525079727172852
9.666707992553711
9.633941650390625
9.724882125854492
8.476278305053711
6.340670585632324
5.213108062744141
7.5266313552856445
10.02578353881836
7.287744522094727
8.708447456359863
8.181228637695312
7.7945556640625
8.125990867614746
10.072419166564941
10.168610572814941
9.471324920654297
7.8600335121154785
5.229945182800293
6.779933929443359
6.555366516113281
4.956264495849609
6.274898529052734
11.518719673156738
9.078457832336426
8.848313331604004
10.569780349731445
6.733097076416016
7.602094650268555
9.914365768432617
7.403616428375244
7.722286701202393
6.8144330978393555
6.918209552764893
5.738292694091797
8.783707618713379
5.891693115234375
6.641045570373535
6.660506248474121
5.938834190368652
5.87847900390625
4.1622114181518555
3.9335010051727295
10.277471542358398
14.912196159362793
4.638676643371582
9.4774751663208
7.511974334716797
6.5707550048828125
3.736581325531006
4.237435817718506
4.794057369232178
4.355327606201172
9.279263496398926
9.15868091583252
8.02018928527832
13.304859161376953
5.667538642883301
3.4798121452331543
9.487793922424316
4.282629013061523
7.519279956817627
5.963118553161621
7.3246331214904785
4.136383533477783
8.01132583618164
8.277313232421875
6.558114528656006
5.7946624755859375
4.418121337890625
6.954526901245117
10.037097930908203
5.359806060791016
10.093255996704102
8.40758228302002
6.535233020782471
6.60203218460083
6.848338603973389
7.068016052246094
6.080111503601074
7.914381980895996
12.598920822143555
6.652411460876465
8.73855209350586
6.830745220184326
8.349119186401367
9.223978042602539
5.775053977966309
7.4590067863464355
9.31318473815918
6.201860427856445
4.577375411987305
9.782552719116211
7.457639217376709
8.514322280883789
9.633981704711914
6.4921135902404785
11.292309761047363
10.581647872924805
10.130537033081055
6.758820056915283
6.805632591247559
6.020556449890137
6.389795303344727
10.476722717285156
2.052471160888672
9.125597953796387
10.306384086608887
6.408293724060059
4.976495742797852
9.489020347595215
4.143946647644043
7.329407691955566
9.98631477355957
3.613569974899292
9.321392059326172
6.980932235717773
5.3519062995910645
6.7215375900268555
6.718261241912842
5.984111309051514
6.502862930297852
8.52166748046875
3.5089125633239746
5.7296671867370605
7.322983741760254
9.534162521362305
7.788214683532715
7.207617282867432
10.366470336914062
7.468718528747559
5.760199069976807
7.823479652404785
7.215583324432373
10.700836181640625
5.536056995391846
6.700179100036621
8.630828857421875
4.1297078132629395
6.799387454986572
4.978756427764893
4.62556266784668
7.942402362823486
7.823101997375488
9.06182861328125
6.8477959632873535
8.497000694274902
5.612229347229004
7.132358074188232
5.259443283081055
8.604116439819336
4.821646690368652
6.894067287445068
5.908205986022949
4.420783042907715
9.440511703491211
8.67932415008545
6.68588924407959
10.675186157226562
6.960050106048584
4.797743797302246
7.106844902038574
4.081818580627441
6.626465797424316
10.051780700683594
8.169303894042969
6.540702819824219
5.536993980407715
6.856564521789551
8.115914344787598
7.546611785888672
7.634037971496582
8.466292381286621
7.735001087188721
9.495436668395996
6.222477436065674
13.817106246948242
5.816696643829346
4.701005935668945
6.608049392700195
8.689698219299316
7.770041465759277
8.93408489227295
8.924409866333008
7.592449188232422
4.594542026519775
7.73497200012207
3.7693488597869873
5.9488677978515625
9.354011535644531
6.609737396240234
3.4272348880767822
8.36720085144043
7.2364583015441895
6.5011515617370605
7.080288887023926
5.575034141540527
6.41740608215332
5.63927698135376
9.145514488220215
5.190054416656494
6.139963626861572
8.37366008758545
9.605521202087402
7.229824066162109
10.034594535827637
8.592609405517578
5.398497581481934
8.406000137329102
5.13974142074585
8.658589363098145
8.216238975524902
9.176761627197266
7.934645652770996
9.297685623168945
7.766587734222412
5.909369468688965
6.261927604675293
5.955257892608643
6.3162102699279785
7.889443397521973
6.249370574951172
10.647968292236328
7.656805992126465
5.78348970413208
7.227382659912109
11.102245330810547
5.97713565826416
6.916110038757324
5.980279922485352
11.941512107849121
12.339398384094238
8.710275650024414
5.952316761016846
7.476008415222168
9.861409187316895
4.990320682525635
7.402180194854736
5.8850202560424805
4.085972785949707
4.1151814460754395
4.135466575622559
11.76132583618164
5.042186260223389
4.383075714111328
5.7183403968811035
6.225410461425781
4.775272369384766
6.5698137283325195
7.301641464233398
8.092061996459961
4.960531711578369
8.185561180114746
9.236658096313477
4.331328868865967
6.393801689147949
5.789812088012695
12.933391571044922
5.321480751037598
5.546767234802246
9.977911949157715
8.327812194824219
5.370858192443848
6.245420455932617
5.477214813232422
5.972918510437012
7.461724281311035
10.356039047241211
8.00942611694336
6.893383502960205
5.082156181335449
8.24027156829834
8.032110214233398
5.231279373168945
6.804047584533691
4.183721542358398
7.816675662994385
8.491668701171875
8.205461502075195
10.945884704589844
5.713184356689453
7.730511665344238
5.807210445404053
5.8167243003845215
11.81232738494873
5.848771095275879
5.658015251159668
4.354145050048828
6.382731914520264
7.505577087402344
5.85959529876709
5.563565731048584
3.770872116088867
10.870640754699707
10.285778045654297
5.861214637756348
4.788250923156738
6.816653251647949
9.496801376342773
4.590969085693359
6.361067771911621
6.49277925491333
6.264473915100098
6.819307327270508
6.9078850746154785
10.925444602966309
6.686552047729492
7.422418594360352
11.532445907592773
7.079967498779297
6.532710552215576
7.646084785461426
10.035738945007324
7.033929824829102
11.098320007324219
5.937408447265625
5.863857269287109
6.482495307922363
4.447673797607422
5.604034900665283
6.452954292297363
6.000741958618164
6.350461959838867
4.967251777648926
11.207351684570312
8.395501136779785
4.77239990234375
4.874070167541504
10.583646774291992
6.2442216873168945
6.055176258087158
8.360647201538086
4.826509475708008
4.054033279418945
6.017942905426025
5.905742168426514
6.300986289978027
8.078752517700195
6.007363319396973
11.624235153198242
6.038235664367676
6.867336750030518
9.0482816696167
7.079110145568848
6.716963768005371
7.674969673156738
4.913766384124756
8.016374588012695
6.118053913116455
8.698515892028809
6.729554653167725
6.543209075927734
6.1810102462768555
7.493230819702148
11.447189331054688
11.238838195800781
6.279115200042725
7.270538330078125
9.165481567382812
5.0655317306518555
5.8942060470581055
5.5858659744262695
7.3197021484375
6.464968681335449
12.267240524291992
3.977055549621582
6.300373554229736
9.051682472229004
7.998682498931885
11.846137046813965
11.430145263671875
13.010467529296875
7.0347700119018555
6.294829845428467
5.228425979614258
9.844693183898926
6.321723461151123
9.149611473083496
5.255392074584961
8.032548904418945
7.355486869812012
4.901158332824707
5.027099609375
8.791593551635742
4.346141815185547
7.957342147827148
11.784923553466797
4.539328575134277
6.771268844604492
5.222402572631836
5.230362892150879
7.779166221618652
8.451218605041504
5.193338394165039
8.167581558227539
6.731502532958984
6.614145755767822
5.2281694412231445
6.8775410652160645
7.668545246124268
6.733758449554443
6.180583953857422
10.978826522827148
6.536746978759766
6.323056221008301
5.170871257781982
6.700125694274902
4.171722412109375
4.662197113037109
9.15254020690918
9.663723945617676
8.180416107177734
7.286054611206055
7.803945064544678
4.282309532165527
7.562779426574707
3.755913734436035
7.979823112487793
7.450342178344727
6.6713714599609375
3.866680145263672
7.164538383483887
4.433112144470215
3.2872419357299805
9.42150592803955
4.809167861938477
5.093213081359863
5.839698791503906
6.402682304382324
4.7906389236450195
3.955899238586426
8.512033462524414
11.077749252319336
8.920014381408691
5.769463062286377
4.84785270690918
6.762310028076172
4.023691654205322
7.302543640136719
5.841320037841797
4.99574613571167
3.8026978969573975
6.003509998321533
5.288387298583984
5.657502174377441
5.548046112060547
7.206734657287598
11.857158660888672
7.292448997497559
6.86536979675293
8.416313171386719
5.493253707885742
5.721531867980957
8.431856155395508
9.411040306091309
7.32208251953125
4.075949668884277
5.582160472869873
7.313624858856201
6.988678932189941
8.209281921386719
6.267949104309082
8.019775390625
7.383439540863037
6.541665554046631
8.90304183959961
6.464807987213135
7.234633445739746
7.32476806640625
6.938712120056152
5.003753185272217
4.473337650299072
6.9643754959106445
7.787148475646973
6.825727462768555
11.993816375732422
4.885788440704346
5.351232528686523
6.797980308532715
8.683201789855957
4.76685905456543
6.565629005432129
7.88643741607666
7.116294860839844
9.816275596618652
13.955629348754883
6.993391513824463
8.242552757263184
8.858663558959961
7.766005516052246
12.636442184448242
8.843520164489746
3.782217025756836
5.628844261169434
5.841463088989258
10.95254135131836
5.535040378570557
10.759004592895508
9.158197402954102
5.5897979736328125
3.4395363330841064
7.2957963943481445
6.016314506530762
8.300890922546387
8.612602233886719
6.263128757476807
6.412717819213867
6.352345943450928
7.505407333374023
5.82806396484375
11.62007999420166
5.252193450927734
8.927488327026367
7.192723274230957
4.834739685058594
6.219724655151367
10.317546844482422
8.840606689453125
5.923134803771973
6.513097763061523
7.390350818634033
11.032886505126953
11.748844146728516
5.342240333557129
10.26308536529541
7.884432315826416
11.027153968811035
6.644803047180176
7.485394477844238
5.040665626525879
8.140323638916016
5.934349060058594
5.950867652893066
4.872637748718262
8.939713478088379
8.8604154586792
6.755031108856201
11.289169311523438
8.585423469543457
9.80150032043457
8.497543334960938
6.335948944091797
12.499659538269043
7.80208683013916
8.772531509399414
5.347535133361816
5.924139022827148
4.991928577423096
3.239027500152588
6.43955135345459
11.352083206176758
6.02584171295166
9.33340072631836
4.912361145019531
6.933123588562012
11.992332458496094
7.845298767089844
2.9238452911376953
8.099936485290527
9.573342323303223
7.493685722351074
6.783473968505859
8.154122352600098
8.761990547180176
7.97666072845459
8.48525619506836
6.26652717590332
5.805896759033203
9.379183769226074
10.839365005493164
4.736416816711426
9.328990936279297
8.006393432617188
7.341495513916016
7.158292770385742
6.767129898071289
10.451361656188965
5.84264612197876
7.902639865875244
4.877520561218262
4.608338356018066
10.503257751464844
4.659567832946777
7.100385665893555
6.713879585266113
6.03585147857666
7.23816442489624
6.629909992218018
7.302181720733643
6.544800758361816
9.40734577178955
8.053725242614746
3.501399517059326
6.8119659423828125
5.437074184417725
6.313619136810303
9.093840599060059
6.200305938720703
9.674686431884766
7.767037868499756
8.399713516235352
6.025063514709473
13.131002426147461
10.625551223754883
9.658477783203125
9.478172302246094
6.642560958862305
6.287350654602051
6.128122329711914
5.824273109436035
7.004913330078125
6.017298698425293
5.015388488769531
7.367140769958496
7.070143699645996
6.295123100280762
5.754441261291504
6.962253093719482
5.438625335693359
6.905877113342285
9.36252212524414
7.127569675445557
5.880894660949707
4.228000640869141
4.433557987213135
4.298437118530273
7.921806335449219
5.397339344024658
6.342974662780762
7.5110883712768555
10.56209945678711
7.651791572570801
5.860619068145752
4.619441986083984
8.621554374694824
8.186712265014648
6.464709281921387
8.699188232421875
5.044857501983643
6.448882102966309
7.546962738037109
5.35959529876709
6.948147773742676
7.887834548950195
5.335920333862305
4.378681182861328
10.401912689208984
5.683269500732422
8.139726638793945
7.762663841247559
7.667016983032227
5.251917362213135
9.977633476257324
8.375532150268555
6.241813659667969
3.298884868621826
7.680776596069336
5.320986747741699
8.30518913269043
14.131027221679688
11.125597953796387
7.450196266174316
3.626818895339966
7.196981906890869
4.438567161560059
5.688714504241943
6.811340808868408
7.6832475662231445
5.770295143127441
5.702733039855957
10.133329391479492
6.774374008178711
7.789396286010742
5.135603904724121
8.091388702392578
7.330033779144287
6.730928421020508
9.613203048706055
6.331101894378662
4.635928153991699
8.161681175231934
5.993419647216797
7.772676467895508
3.534121036529541
4.770373344421387
8.008407592773438
5.146304130554199
7.086731433868408
10.793659210205078
7.901744365692139
14.067840576171875
9.258440971374512
4.706247806549072
7.016543388366699
10.550131797790527
4.617412567138672
6.328717231750488
5.657929420471191
11.343863487243652
5.572105407714844
9.868399620056152
7.501350402832031
7.157772064208984
5.894618034362793
6.726163864135742
9.583845138549805
7.41411018371582
9.893363952636719
7.880390167236328
6.500043869018555
4.689851760864258
8.464637756347656
12.798711776733398
12.848791122436523
7.234951496124268
4.67208194732666
6.4367218017578125
6.061806678771973
6.282770156860352
5.641615867614746
10.980072021484375
6.97226619720459
10.710084915161133
8.028072357177734
11.433755874633789
6.5309929847717285
6.28709077835083
4.975024223327637
6.968829154968262
7.780701160430908
8.759693145751953
7.466000556945801
8.651810646057129
6.408193588256836
8.68728256225586
5.524787902832031
8.624292373657227
8.051486015319824
9.412407875061035
9.024608612060547
6.557837009429932
8.386794090270996
8.35499382019043
4.814597129821777
5.884675979614258
10.993352890014648
7.596823692321777
4.138894081115723
5.486427307128906
5.49906063079834
4.893805980682373
4.836594581604004
8.950176239013672
9.063907623291016
10.721017837524414
5.361072540283203
4.3354692459106445
6.143847465515137
8.402303695678711
10.09584903717041
5.5696516036987305
7.456204891204834
9.761484146118164
13.072837829589844
5.684436321258545
8.442440032958984
12.290975570678711
10.566173553466797
4.4486083984375
10.264427185058594
11.986516952514648
7.706540107727051
6.416722297668457
9.818071365356445
7.484585762023926
8.439355850219727
5.153266906738281
8.31994342803955
6.238751411437988
5.914376258850098
6.427936553955078
9.19593620300293
7.542604446411133
9.63498306274414
9.771770477294922
5.696834564208984
9.525426864624023
9.563819885253906
8.440451622009277
13.853228569030762
10.26630973815918
7.944633960723877
4.796472549438477
10.287186622619629
11.728065490722656
6.406711578369141
3.836519718170166
6.126235485076904
4.918621063232422
11.877750396728516
8.416552543640137
9.90101432800293
12.188063621520996
13.131113052368164
8.680428504943848
5.258203506469727
12.297624588012695
11.213359832763672
8.540597915649414
7.478850364685059
7.735856056213379
4.454121112823486
3.72711181640625
7.742251396179199
6.142299652099609
6.011312961578369
6.031836032867432
5.3302764892578125
5.218697547912598
6.922549247741699
6.954101085662842
3.0637030601501465
3.979555130004883
6.818942070007324
6.176178932189941
6.505409240722656
8.16084098815918
10.158790588378906
8.579740524291992
6.887301921844482
5.802071571350098
6.129145622253418
8.041646003723145
8.458061218261719
4.817329406738281
5.008680820465088
3.904223918914795
7.378442764282227
9.626790046691895
5.936177730560303
5.163206577301025
8.621260643005371
4.9403605461120605
8.123055458068848
7.103238582611084
8.2780179977417
5.055673599243164
10.719751358032227
5.838172435760498
7.021205902099609
3.343116044998169
7.056933403015137
4.657662391662598
8.527054786682129
4.474048614501953
10.989472389221191
5.779390811920166
5.94155216217041
5.206284999847412
9.990135192871094
3.8705389499664307
14.635927200317383
5.106330871582031
7.00377893447876
6.776270389556885
8.12855339050293
7.818473815917969
5.350938320159912
5.731472015380859
7.3567304611206055
5.718029022216797
5.169722557067871
6.685302257537842
7.391201496124268
7.626499176025391
6.915205001831055
10.689149856567383
7.3383002281188965
10.632020950317383
5.006900310516357
4.420210838317871
6.14016056060791
8.4967041015625
10.185517311096191
11.884453773498535
10.02542495727539
4.080657958984375
4.399417877197266
12.377176284790039
13.848665237426758
5.441171646118164
6.50872802734375
9.653083801269531
5.65791130065918
6.180617332458496
7.6968889236450195
5.722691059112549
6.80613899230957
8.283839225769043
8.426586151123047
5.93914794921875
8.66061019897461
5.2496466636657715
4.491067409515381
6.357301712036133
8.244579315185547
4.116950035095215
6.47088623046875
5.779057502746582
9.533695220947266
7.152993679046631
4.978026390075684
11.022926330566406
10.74947738647461
8.102497100830078
8.842178344726562
9.45551872253418
4.859941482543945
7.042843818664551
5.1105451583862305
5.675264358520508
9.158731460571289
13.49547004699707
7.822969436645508
4.02388858795166
7.417250633239746
7.182025909423828
4.003628730773926
6.521259307861328
7.3207807540893555
8.130265235900879
6.582015514373779
7.162012100219727
5.410687446594238
6.897518157958984
6.967519283294678
6.09261417388916
9.410402297973633
3.6011250019073486
4.995226860046387
5.545386791229248
5.874288558959961
6.727715969085693
8.399767875671387
5.720000743865967
5.0470170974731445
7.384739398956299
6.68039083480835
3.711745262145996
4.188911437988281
7.1655988693237305
6.653663635253906
8.189359664916992
11.040818214416504
8.811643600463867
5.845041275024414
6.837475299835205
7.818930625915527
8.89785099029541
7.112114906311035
10.144564628601074
7.929876327514648
9.573540687561035
4.965898513793945
5.990635871887207
12.001057624816895
4.795975208282471
6.446981906890869
6.310392379760742
3.8667750358581543
5.268183708190918
6.037225723266602
11.227804183959961
14.10200309753418
9.124698638916016
4.576704025268555
10.46274185180664
7.658631324768066
4.790468692779541
3.9189436435699463
8.995057106018066
6.309792995452881
7.864019393920898
5.9977006912231445
5.654067039489746
6.747735023498535
3.98502779006958
9.026506423950195
11.126996040344238
3.8604936599731445
7.964268684387207
5.021092414855957
5.151942729949951
7.19257116317749
8.025863647460938
6.658982753753662
7.107476234436035
7.383846759796143
10.75021743774414
8.875133514404297
7.763518810272217
4.354055881500244
9.665726661682129
7.221713066101074
5.727884292602539
5.838922023773193
4.420044898986816
9.104647636413574
7.35789680480957
9.087662696838379
7.882421493530273
10.271139144897461
6.017190933227539
11.191932678222656
10.788524627685547
6.846197128295898
6.086581707000732
5.760980606079102
11.024370193481445
4.225097179412842
8.289225578308105
6.380533218383789
9.938211441040039
5.862110137939453
6.9166460037231445
5.886753082275391
9.2515869140625
4.890927314758301
5.590127944946289
4.645041465759277
5.056571960449219
5.585862159729004
9.21159839630127
6.120751857757568
6.305394172668457
5.432415008544922
5.350961685180664
6.311509609222412
8.016876220703125
6.665870666503906
8.445703506469727
5.450253486633301
6.4101152420043945
4.085926055908203
4.829236030578613
5.799491882324219
6.665931701660156
4.6950507164001465
9.689004898071289
5.48560905456543
3.9155657291412354
5.623919486999512
4.461993217468262
7.038447856903076
7.737667083740234
11.112960815429688
3.213001012802124
6.529283046722412
7.001067161560059
10.480939865112305
7.595501899719238
5.329427719116211
5.999310493469238
6.887054443359375
11.085101127624512
3.707101821899414
8.874444007873535
5.928149223327637
6.189822196960449
8.226861953735352
6.918575763702393
7.175928115844727
8.848690032958984
8.907674789428711
4.765867710113525
11.238631248474121
8.464975357055664
8.518220901489258
7.884578704833984
5.181345462799072
7.292273998260498
8.517620086669922
3.9618890285491943
7.188315391540527
8.792713165283203
5.1661272048950195
9.224104881286621
9.397565841674805
5.2481255531311035
10.273805618286133
7.090884208679199
9.15084457397461
4.723459243774414
8.18893814086914
7.807640075683594
9.724902153015137
4.608381271362305
5.144803524017334
7.587800025939941
3.5569682121276855
6.455699920654297
5.950520038604736
4.818295001983643
6.123821258544922
10.335437774658203
5.454463481903076
6.954793930053711
5.939391136169434
7.186450958251953
5.959115028381348
4.666810035705566
5.362290382385254
9.445003509521484
3.445875406265259
7.919872760772705
9.58975601196289
13.60491943359375
7.802742004394531
5.616316795349121
6.421242713928223
8.270966529846191
7.832343101501465
8.125214576721191
3.6141016483306885
9.763402938842773
6.486175060272217
11.205279350280762
7.0400896072387695
8.356204986572266
8.682132720947266
6.4104390144348145
5.497943878173828
7.242654800415039
7.152294635772705
12.184076309204102
7.490830421447754
7.765658855438232
9.664281845092773
6.5346360206604
4.6433563232421875
6.382575988769531
5.714667797088623
5.225597381591797
4.724289417266846
8.48661994934082
6.051910400390625
5.118372917175293
8.704999923706055
4.758698463439941
8.547161102294922
3.6644697189331055
6.789737701416016
10.462310791015625
5.413052082061768
6.610873222351074
7.235101699829102
9.134795188903809
6.005586624145508
5.412363529205322
7.026986598968506
4.538338661193848
4.6948347091674805
8.165372848510742
6.183208465576172
5.1675615310668945
5.774570941925049
7.263367652893066
9.105741500854492
5.067749977111816
6.8454694747924805
6.4819231033325195
7.922356128692627
8.049664497375488
4.000176429748535
5.423450469970703
10.55342960357666
7.645499229431152
7.121774196624756
7.982481479644775
12.171598434448242
7.774404048919678
7.425719261169434
7.748348712921143
10.452455520629883
6.9149699211120605
4.65215539932251
7.801687240600586
7.337935447692871
10.015734672546387
8.716788291931152
6.479296684265137
8.740314483642578
8.759636878967285
6.5784759521484375
6.12072229385376
7.286332607269287
5.896133899688721
6.1964874267578125
8.245804786682129
5.655397415161133
7.989278793334961
7.399792671203613
5.876044273376465
9.891149520874023
6.2858123779296875
9.372024536132812
8.999521255493164
10.093682289123535
6.340541839599609
6.741480827331543
4.37295389175415
7.826127529144287
11.66164779663086
7.380841255187988
8.32437801361084
6.60976505279541
7.748796463012695
5.428960800170898
5.8165483474731445
5.2734198570251465
6.118964672088623
8.744935989379883
4.376766681671143
8.207426071166992
7.363073348999023
6.621901512145996
11.517873764038086
5.327113151550293
4.5628485679626465
10.549703598022461
14.17420768737793
5.760116100311279
7.217611312866211
6.809739112854004
5.544477939605713
7.719546318054199
4.916731357574463
6.747000694274902
7.215217113494873
5.419369697570801
13.57640266418457
7.536151885986328
4.851818084716797
6.347537994384766
7.706583023071289
6.747777462005615
4.625582218170166
8.518070220947266
8.981804847717285
4.721128463745117
5.4162492752075195
9.386378288269043
5.7416791915893555
7.904477119445801
8.845033645629883
13.80339527130127
10.15201187133789
7.152263641357422
12.389059066772461
6.9103593826293945
10.830570220947266
7.0052490234375
4.810812950134277
7.900355339050293
4.0505194664001465
4.377433776855469
4.595048904418945
7.239455223083496
6.528656005859375
5.315018177032471
8.5104398727417
2.6288187503814697
5.1141533851623535
10.06239128112793
3.6917951107025146
8.476608276367188
7.947945594787598
7.517268657684326
4.388206481933594
9.154866218566895
6.647205352783203
7.163242340087891
5.421546936035156
6.301840305328369
7.371131420135498
6.480515003204346
8.105011940002441
6.804518699645996
4.245865345001221
7.676453590393066
8.433368682861328
4.13606071472168
7.83992862701416
6.085565090179443
10.28110122680664
8.836761474609375
6.629671096801758
6.669515609741211
4.364491939544678
9.401891708374023
7.6451416015625
5.694553375244141
7.833918571472168
7.360834121704102
4.305172920227051
7.115290641784668
7.252019882202148
8.046194076538086
6.202760696411133
4.99894380569458
5.251266002655029
4.403139591217041
7.625497341156006
8.57430648803711
5.91355037689209
2.938416004180908
8.443903923034668
5.966792583465576
6.074852466583252
9.618295669555664
11.156113624572754
8.666511535644531
14.768543243408203
6.103488922119141
4.6711273193359375
7.442527770996094
5.679133892059326
7.319146156311035
7.997540473937988
11.549064636230469
4.310394763946533
9.570049285888672
5.676001071929932
8.094023704528809
8.738626480102539
14.197622299194336
11.726598739624023
5.703864097595215
6.265599250793457
2.7100727558135986
6.923583984375
10.820789337158203
8.443102836608887
4.323008060455322
5.440326690673828
4.239891052246094
8.147664070129395
8.070684432983398
6.410577297210693
7.106720924377441
9.068134307861328
8.06931209564209
6.252816200256348
10.38034439086914
9.890430450439453
13.826459884643555
6.7725982666015625
4.444816589355469
3.70902419090271
8.0149564743042
6.682448387145996
6.242693901062012
7.32109260559082
10.430089950561523
7.655128479003906
6.416545867919922
6.392650604248047
7.8946123123168945
5.5294647216796875
5.854243278503418
7.026303291320801
8.87227725982666
5.604806900024414
5.8062028884887695
12.55809211730957
6.888860702514648
6.2459917068481445
5.856907844543457
7.062766075134277
5.472970008850098
7.927271366119385
9.363033294677734
8.579902648925781
7.432112693786621
8.495672225952148
7.809364318847656
8.54705810546875
5.624296188354492
7.3808698654174805
4.553842544555664
4.172410488128662
6.229312419891357
8.631570816040039
9.479074478149414
9.005202293395996
6.932522296905518
9.599356651306152
10.34097671508789
6.123016357421875
9.145444869995117
6.594427585601807
5.776344299316406
4.618894100189209
7.074199676513672
6.140151023864746
6.866522789001465
4.349143028259277
5.712929725646973
8.35644817352295
6.020234107971191
5.55723762512207
7.957624435424805
7.232504844665527
6.432984352111816
8.295700073242188
4.136711120605469
4.920886516571045
5.644377708435059
8.730575561523438
7.755789279937744
6.966907501220703
5.866100311279297
6.208105564117432
7.760891914367676
8.44064712524414
10.459779739379883
6.456103801727295
6.918370723724365
7.635227203369141
5.936023712158203
6.910068511962891
8.099499702453613
8.18859577178955
5.157411575317383
5.12620735168457
9.789677619934082
13.469663619995117
7.751351356506348
8.80244255065918
6.976568222045898
7.110468864440918
10.960067749023438
10.843854904174805
7.372166633605957
9.433606147766113
7.6089091300964355
12.788883209228516
9.807644844055176
10.667705535888672
5.0923662185668945
6.5401716232299805
6.999911308288574
5.21321964263916
5.658441066741943
6.902513027191162
6.014800071716309
13.139448165893555
6.515654563903809
11.971542358398438
4.735602378845215
4.615976333618164
6.278164386749268
8.303955078125
8.975423812866211
8.2142333984375
7.642398834228516
6.60062313079834
9.083327293395996
4.011269569396973
7.441668510437012
5.7337327003479
11.712957382202148
7.407204627990723
9.411312103271484
10.160167694091797
11.113771438598633
6.734177589416504
10.895642280578613
4.286137580871582
5.639474868774414
5.752699851989746
7.421757698059082
12.250833511352539
4.927605628967285
6.035518646240234
9.551016807556152
8.703144073486328
6.613476753234863
6.382181167602539
13.764942169189453
9.839454650878906
6.940613746643066
7.650707244873047
5.293445110321045
6.653977394104004
8.87794303894043
7.34089994430542
6.874044895172119
7.050663948059082
10.333608627319336
6.497130870819092
3.003345489501953
6.00445556640625
6.895565509796143
7.47921085357666
8.047029495239258
8.746040344238281
6.103110313415527
4.705761909484863
7.511157035827637
10.966259956359863
4.065037250518799
8.301998138427734
4.327939987182617
7.6993408203125
10.867912292480469
9.5297212600708
10.543574333190918
4.799111843109131
4.4400434494018555
5.107779502868652
6.622951030731201
8.492044448852539
12.168953895568848
7.170068740844727
5.591716289520264
6.649477958679199
5.994320869445801
3.950610637664795
6.060659885406494
6.242085933685303
5.569392681121826
9.492496490478516
6.7635602951049805
6.749277591705322
6.359992027282715
6.745565414428711
7.105152130126953
6.825270652770996
9.226337432861328
8.765117645263672
8.150096893310547
8.938898086547852
6.644699573516846
5.826681137084961
9.481502532958984
5.625499248504639
4.603466987609863
5.91802453994751
6.317017555236816
6.981584548950195
7.431586265563965
5.892467498779297
12.16187858581543
5.4458394050598145
4.892102241516113
8.210786819458008
10.11562442779541
4.981260299682617
10.745063781738281
6.611364364624023
8.766425132751465
8.776440620422363
10.016892433166504
5.332611560821533
5.714694023132324
6.334844589233398
9.590733528137207
6.524235248565674
5.138973712921143
6.003021240234375
6.884879112243652
9.113306045532227
9.851724624633789
8.902905464172363
6.014682769775391
5.543185234069824
10.028535842895508
8.571335792541504
6.6021952629089355
4.97028923034668
8.149862289428711
6.581772327423096
8.045397758483887
5.968264579772949
4.687569618225098
8.67342758178711
8.14804744720459
7.140073776245117
8.752723693847656
8.441410064697266
6.513370037078857
6.235960006713867
4.8552045822143555
8.570350646972656
6.451724052429199
6.58005952835083
8.060091972351074
5.127811431884766
8.383283615112305
4.076580047607422
8.205985069274902
4.4504876136779785
6.595088481903076
6.751255035400391
6.445458889007568
6.586177825927734
4.738839626312256
5.393855094909668
10.537960052490234
7.590579986572266
5.729937553405762
8.371291160583496
7.322721481323242
3.7117819786071777
5.104894638061523
6.805179119110107
7.346335411071777
11.749756813049316
8.4645357131958
5.150383949279785
9.494842529296875
4.539609432220459
8.226499557495117
9.132326126098633
2.871335744857788
7.966582298278809
7.0899338722229
5.185365200042725
8.110711097717285
4.524072647094727
4.681218147277832
6.024838447570801
9.669944763183594
6.661654472351074
9.142117500305176
8.889915466308594
6.855077266693115
5.598106384277344
5.372915267944336
4.64447021484375
9.038412094116211
6.029609680175781
11.871994972229004
5.9276509284973145
6.385396480560303
5.063724040985107
6.503313064575195
8.630537986755371
5.8142242431640625
5.7750701904296875
5.873224258422852
4.500845909118652
5.071926116943359
6.088956832885742
6.385021209716797
5.108638763427734
4.772911071777344
8.104162216186523
10.343009948730469
7.157559394836426
8.186192512512207
3.834244728088379
3.156017780303955
8.320573806762695
4.930459022521973
4.548384189605713
5.993579864501953
4.538920879364014
5.050468444824219
6.801316261291504
5.204839706420898
6.486050128936768
9.589811325073242
5.509982109069824
6.06429386138916
7.419332027435303
6.504457473754883
5.440108776092529
5.707052707672119
6.502682685852051
9.883004188537598
7.310286045074463
7.816405296325684
4.106560230255127
6.146655559539795
8.824556350708008
5.844331741333008
6.603052139282227
9.273346900939941
6.983485221862793
8.156291961669922
6.7136616706848145
4.0488600730896
5.234872817993164
6.321014404296875
5.046905517578125
6.349217414855957
6.220833778381348
8.590826034545898
5.551127910614014
3.444526433944702
8.8071870803833
5.073817253112793
8.945566177368164
6.596894264221191
4.8540472984313965
8.000048637390137
4.631068229675293
4.073433876037598
5.65614128112793
3.7706546783447266
4.835323333740234
7.230997085571289
9.580142974853516
5.3028669357299805
5.317863464355469
7.445310115814209
9.443507194519043
4.821468830108643
10.21273422241211
4.501099586486816
9.704681396484375
7.944496154785156
7.68718957901001
9.284080505371094
7.116755485534668
6.220812797546387
4.036802291870117
5.44788122177124
4.793636798858643
4.477351665496826
10.797456741333008
7.230626106262207
5.028412818908691
4.3149871826171875
5.400427341461182
3.8245162963867188
5.020449161529541
8.911392211914062
12.04332160949707
5.860023498535156
8.165250778198242
5.4634504318237305
10.632221221923828
9.766033172607422
11.644303321838379
8.693739891052246
12.840799331665039
4.648884296417236
5.334383964538574
2.7934834957122803
4.360687732696533
4.71808385848999
9.055257797241211
9.98084831237793
9.113958358764648
6.788419723510742
7.451430320739746
6.454517364501953
11.097492218017578
7.358790397644043
6.163200378417969
7.423060894012451
6.383607864379883
9.421619415283203
9.302547454833984
4.3633623123168945
3.7602181434631348
4.9190802574157715
10.105083465576172
4.657395362854004
4.605939865112305
7.17962646484375
12.254724502563477
5.5469255447387695
4.841389179229736
5.44778299331665
6.272791862487793
5.979890823364258
4.188403606414795
6.978864669799805
6.950541019439697
5.815578937530518
5.871767044067383
4.181675434112549
5.1540913581848145
5.707637786865234
5.608977317810059
5.951764106750488
5.7775163650512695
5.780589580535889
5.212305545806885
4.887345314025879
7.901564598083496
6.633336067199707
5.300928592681885
7.654781341552734
7.323261260986328
7.056196212768555
6.049465179443359
6.877738952636719
5.741635322570801
6.764364242553711
5.6776509284973145
4.89940071105957
5.795818328857422
5.328935623168945
3.918757438659668
12.097780227661133
9.267461776733398
7.929560661315918
5.623258590698242
5.388423442840576
9.523906707763672
4.979003429412842
4.566934108734131
5.038817882537842
6.740017890930176
4.087597370147705
3.961921215057373
4.825821399688721
7.4724578857421875
4.4623613357543945
4.376685619354248
11.069310188293457
8.29552173614502
5.807977676391602
4.510517597198486
6.453065872192383
7.385087966918945
7.971429824829102
5.643648624420166
3.2655324935913086
4.892458915710449
