0.9994799494743347
0.982326865196228
0.9981087446212769
0.4910942614078522
0.5826003551483154
0.3461208939552307
0.9198224544525146
0.5026868581771851
0.4359312653541565
0.9997671246528625
0.7986606359481812
0.9052819609642029
0.9962180256843567
0.7827206254005432
0.9961802959442139
0.6557588577270508
0.7340934872627258
0.9230283498764038
0.9996967315673828
0.5962797403335571
0.9434048533439636
0.9956106543540955
0.5767894983291626
0.8968815803527832
0.7866165041923523
0.7363696098327637
0.9908818006515503
0.9957205653190613
0.7996692657470703
0.8580669164657593
0.9434508085250854
0.8708486557006836
0.9553994536399841
0.9984117746353149
0.9053715467453003
0.5266252160072327
0.9702267646789551
0.9061598181724548
0.9992460012435913
0.6648417711257935
0.9048581719398499
0.8103212714195251
0.9983262419700623
0.5758600234985352
0.9942712783813477
0.9979597330093384
0.8957476615905762
0.8917384743690491
0.5161461234092712
0.9234620928764343
0.9858877062797546
0.5000080466270447
0.5257385969161987
0.9783266186714172
0.9818583726882935
0.6728548407554626
0.5987393856048584
0.7373633980751038
0.4586716890335083
0.961194634437561
0.9882523417472839
0.9066551923751831
0.4573141038417816
0.9983842372894287
0.9997790455818176
0.9827367067337036
0.9911193251609802
0.8784328103065491
0.9865835309028625
0.6106945276260376
0.6662618517875671
0.9878639578819275
0.9985572695732117
0.9711459279060364
0.7692623734474182
0.9602251052856445
0.982709527015686
0.9551063179969788
0.896641731262207
0.3816445767879486
0.9471434354782104
0.4824211895465851
0.8109337091445923
0.5006927847862244
0.9910224676132202
0.5767170786857605
0.6165396571159363
0.48288583755493164
0.8507294058799744
0.9818803071975708
0.9996715784072876
0.9519879817962646
0.9792424440383911
0.9819451570510864
0.9925404191017151
0.9173113703727722
0.949030339717865
0.7009953260421753
0.9977649450302124
0.9944900274276733
0.6917370557785034
0.9820377826690674
0.6856238842010498
0.6083261370658875
0.943782389163971
0.9973461627960205
0.8253201246261597
0.9800673127174377
0.8150379657745361
0.9063031673431396
0.42420387268066406
0.4356163442134857
0.985326886177063
0.7404080033302307
0.5438095927238464
0.9998076558113098
0.99730384349823
0.9999692440032959
0.8522618412971497
0.9836876392364502
0.995964765548706
0.501777708530426
0.6968646049499512
0.6837783455848694
0.3350836932659149
0.9859960675239563
0.6907922625541687
0.3847791254520416
0.45176810026168823
0.5632057785987854
0.5640755891799927
0.9454972147941589
0.5263100266456604
0.9752627015113831
0.9970912933349609
0.9577904939651489
0.9869034290313721
0.5979447960853577
0.8039675354957581
0.7065081596374512
0.978500247001648
0.9867781400680542
0.7839704751968384
0.5256178379058838
0.40986672043800354
0.800964891910553
0.9728679060935974
0.7232457399368286
0.8041650056838989
0.911980152130127
0.7826780080795288
0.9415405988693237
0.6576388478279114
0.8648748397827148
0.616701602935791
0.41695618629455566
0.9136689901351929
0.9977532029151917
0.8990904092788696
0.99407958984375
0.7738935351371765
0.510371744632721
0.7938269972801208
0.5905884504318237
0.7842088937759399
0.6614282131195068
0.5780200362205505
0.9935099482536316
0.9869325757026672
0.9137638211250305
0.999305009841919
0.3662986755371094
0.46597838401794434
0.5009965896606445
0.8966062068939209
0.8535248637199402
0.9986233711242676
0.9969488978385925
0.5756369829177856
0.8536680340766907
0.7044543027877808
0.9617626070976257
0.9463455677032471
0.4498078227043152
0.7770110368728638
0.8546267151832581
0.7653360962867737
0.9359924793243408
0.9494497776031494
0.6795588135719299
0.9252369403839111
0.7721722722053528
0.9590332508087158
0.6740050911903381
0.6107696890830994
0.9517658352851868
0.6876445412635803
0.9985169768333435
0.9164354205131531
0.4673602879047394
0.9890377521514893
0.31395190954208374
0.4842691421508789
0.7258869409561157
0.9992501139640808
0.6727935075759888
0.6887079477310181
0.9431770443916321
0.9029071927070618
0.49084901809692383
0.5953822731971741
0.779198944568634
0.9710968136787415
0.7275456190109253
0.9564540386199951
0.9566117525100708
0.8377595543861389
0.8231469392776489
0.6897118091583252
0.48660287261009216
0.9109554290771484
0.9992526173591614
0.89405757188797
0.40458226203918457
0.9723464846611023
0.4074479639530182
0.7128629684448242
0.9660201668739319
0.5334913730621338
0.8469225764274597
0.4757022559642792
0.9850205183029175
0.7731512784957886
0.9802672863006592
0.7984169721603394
0.6746718287467957
0.8126499056816101
0.8301564455032349
0.7696332931518555
0.9567787051200867
0.9933419823646545
0.30554115772247314
0.7701259851455688
0.9984647035598755
0.5076404809951782
0.4069805145263672
0.9955653548240662
0.79982590675354
0.6712070107460022
0.55446857213974
0.9969256520271301
0.7493381500244141
0.9998949766159058
0.8238592147827148
0.8169274926185608
0.6110356450080872
0.8977519869804382
0.491379976272583
0.49987921118736267
0.9618263840675354
0.6556581258773804
0.8036752343177795
0.5848472714424133
0.7933845520019531
0.9660511016845703
0.8865110278129578
0.5398679971694946
0.9397445321083069
0.9795802235603333
0.6726136803627014
0.9051406979560852
0.376748263835907
0.9404227137565613
0.978725254535675
0.9595423340797424
0.9880782961845398
0.39321205019950867
0.7398286461830139
0.5737513899803162
0.7132568955421448
0.48126527667045593
0.9945699572563171
0.3513902425765991
0.8197029232978821
0.8072515726089478
0.9990255832672119
0.9986648559570312
0.6691212058067322
0.9795846939086914
0.6295568943023682
0.6375685334205627
0.7160335779190063
0.5649713277816772
0.9974026083946228
0.6710802912712097
0.8029785752296448
0.9744390845298767
0.9013843536376953
0.32398533821105957
0.6769713759422302
0.5533139705657959
0.4823073744773865
0.34351974725723267
0.4785633683204651
0.9514536261558533
0.9973140358924866
0.6990994811058044
0.5834845304489136
0.4827667474746704
0.5327647924423218
0.9323557615280151
0.9794296026229858
0.9021856784820557
0.6919001340866089
0.9876493811607361
0.9855160117149353
0.998668909072876
0.31227532029151917
0.9998142123222351
0.9621517062187195
0.7539229989051819
0.989645779132843
0.8440285325050354
0.9738413691520691
0.9907584190368652
0.5739809274673462
0.8432409167289734
0.847344160079956
0.4710504114627838
0.775371789932251
0.7276015877723694
0.9984838366508484
0.8863980770111084
0.9917872548103333
0.8375287652015686
0.9111953377723694
0.9871841073036194
0.8765925765037537
0.9209785461425781
0.9908219575881958
0.9216448664665222
0.5712593793869019
0.6809589862823486
0.9369795322418213
0.841949999332428
0.9895147085189819
0.693176805973053
0.9668722748756409
0.935343325138092
0.5265359878540039
0.7372273802757263
0.9936000108718872
0.9500905871391296
0.911740779876709
0.8452717661857605
0.8852653503417969
0.9892253279685974
0.5615729093551636
0.9977154731750488
0.9380694031715393
0.9178975820541382
0.4535750150680542
0.9912455677986145
0.7435534000396729
0.9131242632865906
0.9832249879837036
0.9388960599899292
0.5790491700172424
0.40436527132987976
0.9973726272583008
0.5985885858535767
0.5206337571144104
0.7038641571998596
0.7544823884963989
0.752713143825531
0.8220028281211853
0.5314146280288696
0.8086644411087036
0.9904318451881409
0.6629297733306885
0.8015539050102234
0.6308175921440125
0.7468529343605042
0.8939589858055115
0.8930896520614624
0.9989544153213501
0.8168994188308716
0.7964091897010803
0.8707813620567322
0.5661311149597168
0.9626606106758118
0.6540796160697937
0.5178554654121399
0.9956704378128052
0.9771174192428589
0.39372652769088745
0.9608853459358215
0.6628408432006836
0.8643355369567871
0.9417930245399475
0.9996854066848755
0.45208796858787537
0.9754643440246582
0.9965780377388
0.745894193649292
0.7747933268547058
0.999510645866394
0.8050183057785034
0.825278639793396
0.7682612538337708
0.803412914276123
0.5453606247901917
0.8300764560699463
0.9803522825241089
0.9564012885093689
0.4807998836040497
0.9079352617263794
0.594462513923645
0.9473114609718323
0.948182225227356
0.9983921647071838
0.3265625238418579
0.9975472092628479
0.9966570138931274
0.9693831205368042
0.6076132655143738
0.992882490158081
0.7842808961868286
0.6285326480865479
0.9415525197982788
0.8487457036972046
0.9850581884384155
0.8048906326293945
0.9997276663780212
0.9481818079948425
0.7538070678710938
0.9401641488075256
0.6135532259941101
0.9986710548400879
0.7269637584686279
0.5789439082145691
0.8554396629333496
0.969629168510437
0.9808984398841858
0.9995514750480652
0.9762371778488159
0.9391394853591919
0.8805016875267029
0.9888734817504883
0.7316142916679382
0.9851550459861755
0.5783842206001282
0.6281155347824097
0.9957947731018066
0.9996534585952759
0.9973401427268982
0.3828965425491333
0.47470784187316895
0.9886767864227295
0.5391761660575867
0.9958198070526123
0.6268136501312256
0.4347519278526306
0.9960631728172302
0.38796302676200867
0.9098078012466431
0.8399533033370972
0.8504021167755127
0.45611128211021423
0.7829371690750122
0.7280324101448059
0.9497292637825012
0.8573382496833801
0.9772815108299255
0.9758460521697998
0.6945319175720215
0.4884079098701477
0.9984557628631592
0.9899947643280029
0.9884921312332153
0.6882368326187134
0.6782281398773193
0.9408872127532959
0.9980387091636658
0.5081241130828857
0.8391157984733582
0.45590975880622864
0.9758509397506714
0.8566866517066956
0.8647601008415222
0.9986245632171631
0.49333691596984863
0.9791073799133301
0.9943826198577881
0.5989646315574646
0.3790868818759918
0.9716075658798218
0.999723494052887
0.6048868298530579
0.9770330190658569
0.46614792943000793
0.7356024384498596
0.5416378974914551
0.8897573947906494
0.9736379981040955
0.994010865688324
0.9790952205657959
0.8410539031028748
0.4458296597003937
0.8284565210342407
0.48200616240501404
0.6644124984741211
0.598301112651825
0.9940551519393921
0.9296291470527649
0.8904110789299011
0.670169472694397
0.8511086106300354
0.47682809829711914
0.9296263456344604
0.7568551898002625
0.868820071220398
0.8768040537834167
0.4171282649040222
0.7461693286895752
0.99039626121521
0.9877591729164124
0.8798825740814209
0.9621768593788147
0.5765406489372253
0.5874754190444946
0.8344123959541321
0.8763320446014404
0.600380539894104
0.5930834412574768
0.36417385935783386
0.9735490679740906
0.8842960000038147
0.9670997858047485
0.9997779726982117
0.8928952217102051
0.9987695813179016
0.7031680941581726
0.7677790522575378
0.9966698288917542
0.3958621025085449
0.7749835848808289
0.6890245079994202
0.6169115304946899
0.9748721122741699
0.8655596971511841
0.8612093329429626
0.9993322491645813
0.8713820576667786
0.9492236375808716
0.5244415998458862
0.5772051811218262
0.9994308352470398
0.9802307486534119
0.9578729867935181
0.5216178297996521
0.9958879351615906
0.7261730432510376
0.9851136207580566
0.9993513226509094
0.5957870483398438
0.5832229256629944
0.534124493598938
0.9999741315841675
0.7593024373054504
0.8836565017700195
0.7452682256698608
0.6187105774879456
0.903267502784729
0.4208899736404419
0.6514549851417542
0.9789334535598755
0.6531861424446106
0.9197046756744385
0.7012642621994019
0.640080988407135
0.9591664671897888
0.4363049268722534
0.2985745668411255
0.8695405125617981
0.6967901587486267
0.8972363471984863
0.6508057117462158
0.9893900752067566
0.9481387138366699
0.753204882144928
0.9913362264633179
0.5979273915290833
0.7145289182662964
0.4839458465576172
0.9951679706573486
0.519897997379303
0.5278011560440063
0.40883415937423706
0.94808429479599
0.833721399307251
0.49126580357551575
0.9950475692749023
0.5547582507133484
0.9841071367263794
0.501550555229187
0.8980876207351685
0.47875547409057617
0.987657904624939
0.6706444621086121
0.5343109965324402
0.8527499437332153
0.4394511282444
0.9606123566627502
0.9392350912094116
0.8918226957321167
0.7674477100372314
0.5759884119033813
0.9457747936248779
0.5699357986450195
0.9936856627464294
0.9975062012672424
0.6137514114379883
0.9081966280937195
0.9824731349945068
0.9800252914428711
0.8939229846000671
0.8405627012252808
0.8512463569641113
0.9013810157775879
0.8855584263801575
0.9994799494743347
0.9961912631988525
0.7386742830276489
0.5300701856613159
0.4131498634815216
0.9460943341255188
0.4190863370895386
0.9936484694480896
0.40667688846588135
0.9987047910690308
0.560194194316864
0.5562654733657837
0.9650447368621826
0.9969907999038696
0.9996150732040405
0.9511236548423767
0.9936894178390503
0.8988631367683411
0.8201910257339478
0.7934894561767578
0.9737774729728699
0.4588996171951294
0.9155673980712891
0.9999009370803833
0.6891235709190369
0.5360289216041565
0.6244536638259888
0.6210094690322876
0.8531583547592163
0.9378998279571533
0.9268783926963806
0.7029803395271301
0.9983951449394226
0.8739740252494812
0.9309502840042114
0.9852768778800964
0.5097143054008484
0.48619261384010315
0.7487371563911438
0.9135253429412842
0.6580038666725159
0.5618253946304321
0.996701180934906
0.9292060136795044
0.9999850988388062
0.8826020956039429
0.7890579104423523
0.3914617896080017
0.705141544342041
0.9894550442695618
0.46950098872184753
0.8844249844551086
0.9677300453186035
0.3570650815963745
0.6506896615028381
0.99967360496521
0.9706349968910217
0.9737513661384583
0.8047677278518677
0.8142871856689453
0.6161729693412781
0.7256956100463867
0.6590728759765625
0.9955524802207947
0.9962607026100159
0.8657467365264893
0.9938579201698303
0.8006425499916077
0.6399814486503601
0.8771753907203674
0.9747998714447021
0.8193805813789368
0.8668451905250549
0.9886055588722229
0.9985045194625854
0.8680598139762878
0.9978768825531006
0.9954283237457275
0.8311409950256348
0.5133762359619141
0.5696070194244385
0.9936655163764954
0.9803187251091003
0.4043019711971283
0.6355947256088257
0.873889684677124
0.5292784571647644
0.753441333770752
0.894589900970459
0.8811951875686646
0.7644989490509033
0.9990994930267334
0.9969651103019714
0.9140447974205017
0.6867156624794006
0.9783113598823547
0.966616690158844
0.9999527931213379
0.9869426488876343
0.41221854090690613
0.8494636416435242
0.9722470641136169
0.7415454387664795
0.9946980476379395
0.9953569769859314
0.5705406665802002
0.8315536975860596
0.4617128074169159
0.6881824135780334
0.9846118092536926
0.9585462212562561
0.434719443321228
0.8259100317955017
0.6825205683708191
0.9192501306533813
0.4629776179790497
0.9997019171714783
0.8983979821205139
0.5570457577705383
0.510712742805481
0.9541266560554504
0.7724206447601318
0.796863853931427
0.9997028708457947
0.9380543231964111
0.9569100141525269
0.9948933124542236
0.9232421517372131
0.9024459719657898
0.9936224818229675
0.8692629933357239
0.9995598196983337
0.7316383719444275
0.7793084383010864
0.9999806880950928
0.9980643391609192
0.6941952705383301
0.7787387371063232
0.6416881084442139
0.9967343807220459
0.701254665851593
0.9999288320541382
0.8672337532043457
0.4579471945762634
0.9993768334388733
0.8244518637657166
0.9999490976333618
0.7733878493309021
0.950252890586853
0.7720939517021179
0.9920012950897217
0.6821954250335693
0.8950579166412354
0.9408444762229919
0.8681104779243469
0.997749388217926
0.9994534850120544
0.9686305522918701
0.5338687300682068
0.7074934840202332
0.9997883439064026
0.605851411819458
0.6152293682098389
0.9962521195411682
0.6825929284095764
0.8070654273033142
0.5454480648040771
0.9169278740882874
0.7808593511581421
0.5897490382194519
0.9997174143791199
0.9157872200012207
0.8871438503265381
0.9854925274848938
0.9985882639884949
0.5346288681030273
0.980891764163971
0.9910009503364563
0.6369251608848572
0.7419687509536743
0.9580905437469482
0.9908686876296997
0.9954765439033508
0.31761372089385986
0.4677663743495941
0.9812209606170654
0.9697678089141846
0.8664419054985046
0.9976104497909546
0.5737628936767578
0.9463945031166077
0.5037950277328491
0.8433544635772705
0.7102878093719482
0.8318485617637634
0.41410714387893677
0.9267276525497437
0.9981210827827454
0.9581482410430908
0.9397233724594116
0.9431833028793335
0.44527798891067505
0.9599975943565369
0.9986476302146912
0.3960690498352051
0.8097608089447021
0.9997444748878479
0.43800029158592224
0.6152418851852417
0.9901424050331116
0.494808554649353
0.4769287407398224
0.9986860156059265
0.7233823537826538
0.41179051995277405
0.5435333847999573
0.9904283285140991
0.984772264957428
0.943564772605896
0.4356204569339752
0.7643125057220459
0.7576252222061157
0.9998248219490051
0.5042383670806885
0.9998419284820557
0.6128930449485779
0.6160402297973633
0.5293362140655518
0.9810501933097839
0.6988552212715149
0.48702284693717957
0.6415663361549377
0.5582137107849121
0.6200034618377686
0.47249460220336914
0.5115371346473694
0.6180447340011597
0.6822172403335571
0.4789040982723236
0.7614813446998596
0.37434953451156616
0.5855004191398621
0.9994445443153381
0.8530802130699158
0.9723619222640991
0.9906546473503113
0.5541359186172485
0.6335828900337219
0.9995394945144653
0.8871671557426453
0.6661505699157715
0.9848863482475281
0.9026078581809998
0.40239647030830383
0.9623059034347534
0.9944040775299072
0.9863046407699585
0.5871118307113647
0.5802228450775146
0.9070086479187012
0.5414236783981323
0.9930784106254578
0.5082576870918274
0.9889655113220215
0.46370598673820496
0.5459861159324646
0.8138630986213684
0.7667986154556274
0.5618985891342163
0.7540494799613953
0.9526609182357788
0.4832354485988617
0.7174243927001953
0.9785062670707703
0.9907273054122925
0.8278399109840393
0.7406014204025269
0.9576084613800049
0.6700525879859924
0.9702243208885193
0.7221468687057495
0.9586995840072632
0.9046303033828735
0.9175242781639099
0.894951343536377
0.3931090831756592
0.9874216318130493
0.8946165442466736
0.9988160133361816
0.6732282042503357
0.9975385665893555
0.9939508438110352
0.8401458859443665
0.9999995231628418
0.4997108578681946
0.9985950589179993
0.8230104446411133
0.9503481388092041
0.7802542448043823
0.8691778779029846
0.93340003490448
0.9769040942192078
0.2880711257457733
0.6603207588195801
0.9840930700302124
0.3383493721485138
0.9489546418190002
0.8449581861495972
0.9963506460189819
0.8996664881706238
0.9964409470558167
0.948162317276001
0.7982600331306458
0.925917387008667
0.8009353280067444
0.8844558000564575
0.9932348132133484
0.9987345337867737
0.8647434115409851
0.9899417757987976
0.5240971446037292
0.5731953382492065
0.4813137352466583
0.9763689041137695
0.9984373450279236
0.823734700679779
0.9903869032859802
0.9899166226387024
0.9779217839241028
0.9859520196914673
0.9584422707557678
0.49077776074409485
0.9480864405632019
0.9397034645080566
0.9967809915542603
0.5803704857826233
0.8969714641571045
0.556791365146637
0.9963983297348022
0.9077315926551819
0.4911162853240967
0.8334805369377136
0.9896165132522583
0.9871295094490051
0.9870727062225342
0.8993048667907715
0.9926220178604126
0.9612576365470886
0.384718656539917
0.40913328528404236
0.9211191534996033
0.44802311062812805
0.987346351146698
0.819759726524353
0.9984257221221924
0.999626636505127
0.620987057685852
0.9931212067604065
0.7038615345954895
0.6621230840682983
0.992021918296814
0.9948009252548218
0.9648580551147461
0.8935293555259705
0.9773644804954529
0.9197843670845032
0.9735748171806335
0.5030680298805237
0.9126942157745361
0.976226270198822
0.9747887849807739
0.7285858988761902
0.6059964895248413
0.5169548392295837
0.9183637499809265
0.9436222910881042
0.5175381898880005
0.40821248292922974
0.7649152278900146
0.5076733231544495
0.8638955354690552
0.8891595602035522
0.4568270742893219
0.5727944374084473
0.47306403517723083
0.9939959049224854
0.8653011918067932
0.9714710712432861
0.5854317545890808
0.3958585560321808
0.5430389046669006
0.9793760776519775
0.9887948036193848
0.47992613911628723
0.8802374005317688
0.5418171882629395
0.7763185501098633
0.4404263496398926
0.8300100564956665
0.9835418462753296
0.967081606388092
0.6510977745056152
0.4323502480983734
0.8920999765396118
0.988727331161499
0.49255630373954773
0.9997997879981995
0.3150787949562073
0.8792290091514587
0.5251227617263794
0.9994007349014282
0.7563284039497375
0.9996140599250793
0.6022104024887085
0.9852635860443115
0.961723804473877
0.9448341727256775
0.9853744506835938
0.9945462942123413
0.6792559027671814
0.6608982086181641
0.3900631070137024
0.8817803859710693
0.9156797528266907
0.9994282126426697
0.48785316944122314
0.6710802912712097
0.6634047031402588
0.9796889424324036
0.9993748068809509
0.8042519092559814
0.5590964555740356
0.9749889373779297
0.8308497667312622
0.9039350748062134
0.5685524940490723
0.818068265914917
0.9791298508644104
0.9838573932647705
0.7172229290008545
0.9605823159217834
0.9921758770942688
0.8514099717140198
0.4246799945831299
0.9886525273323059
0.8104361891746521
0.9991025924682617
0.9992109537124634
0.49467694759368896
0.9919061660766602
0.9912602305412292
0.5206851959228516
0.9789574146270752
0.5434142351150513
0.736528754234314
0.9803367257118225
0.8833703994750977
0.9779013395309448
0.9999293088912964
0.8677165508270264
0.8861255645751953
0.5903030037879944
0.6633585691452026
0.5049853324890137
0.9802855253219604
0.6248218417167664
0.6362107396125793
0.5415723323822021
0.9792401790618896
0.9318469166755676
0.996656060218811
0.9617336988449097
0.9997716546058655
0.5970922708511353
0.36197805404663086
0.4205125570297241
0.5879917740821838
0.8255773186683655
0.9740367531776428
0.8800699710845947
0.9481101036071777
0.9658501148223877
0.9964215755462646
0.7506905198097229
0.7670974731445312
0.365707665681839
0.9542959928512573
0.7288274168968201
0.930426299571991
0.9779093265533447
0.9993676543235779
0.823287844657898
0.9990474581718445
0.7459887862205505
0.9982588887214661
0.814093291759491
0.9414560794830322
0.9908208250999451
0.8914317488670349
0.9930821061134338
0.5069921612739563
0.8947169184684753
0.7025312185287476
0.9157603979110718
0.6333107352256775
0.9852805733680725
0.8429226875305176
0.8303279876708984
0.4202495217323303
0.9970634579658508
0.9263511300086975
0.9903780221939087
0.9962220191955566
0.7493781447410583
0.6824396848678589
0.9306901097297668
0.9865691661834717
0.727024495601654
0.9968298077583313
0.9432469010353088
0.9702749252319336
0.9652031064033508
0.9975277781486511
0.9967781901359558
0.994574248790741
0.9644021391868591
0.493022084236145
0.8227238059043884
0.9098997712135315
0.3773922920227051
0.6744131445884705
0.999538779258728
0.9964816570281982
0.9814157485961914
0.9972342848777771
0.6830341219902039
0.9435908198356628
0.9947392344474792
0.9293680787086487
0.9532524347305298
0.9711080193519592
0.8448845148086548
0.8565923571586609
0.992546021938324
0.8058307766914368
0.6076487302780151
0.881458044052124
0.8279421329498291
0.579990565776825
0.3569132089614868
0.32311514019966125
0.9982377290725708
0.9999873638153076
0.456683486700058
0.9527137279510498
0.9220601320266724
0.49609890580177307
0.4957057237625122
0.3779488205909729
0.8398857712745667
0.31009650230407715
0.9974625110626221
0.993436872959137
0.9831734299659729
0.9999067783355713
0.8167223334312439
0.34245479106903076
0.9900568127632141
0.5171337723731995
0.9391618967056274
0.8311833143234253
0.8871833682060242
0.4032958149909973
0.5640121102333069
0.8614556789398193
0.8463988900184631
0.9174749851226807
0.5987036824226379
0.6416170597076416
0.986962616443634
0.5892411470413208
0.9965408444404602
0.8987013697624207
0.8150144815444946
0.6385520100593567
0.5352303385734558
0.5660343766212463
0.767246663570404
0.9793010950088501
0.9999266862869263
0.8325121998786926
0.9894995093345642
0.8938968777656555
0.9947303533554077
0.9803332686424255
0.508860170841217
0.926699161529541
0.9896926283836365
0.7141010761260986
0.5254251956939697
0.9852945804595947
0.9146868586540222
0.9848544597625732
0.9879200458526611
0.922575056552887
0.999640941619873
0.9990229606628418
0.9988586902618408
0.7185683846473694
0.8824275732040405
0.8522838354110718
0.8676840662956238
0.9983444213867188
0.23631460964679718
0.9924750924110413
0.9988804459571838
0.9730573892593384
0.5223124623298645
0.9957564473152161
0.46424442529678345
0.6671154499053955
0.9985468983650208
0.4301668405532837
0.9959192872047424
0.7761765718460083
0.49329954385757446
0.8857026696205139
0.808955729007721
0.7322672009468079
0.9764021635055542
0.8652058243751526
0.4687953591346741
0.8413337469100952
0.9547659754753113
0.9937750101089478
0.9317587018013
0.545566201210022
0.997961163520813
0.9822041392326355
0.8516363501548767
0.9804628491401672
0.956504225730896
0.9991733431816101
0.7849107384681702
0.9066119194030762
0.9926061630249023
0.4678291082382202
0.5679643750190735
0.6683651804924011
0.5855739712715149
0.9856808185577393
0.9559122323989868
0.9959869980812073
0.970586359500885
0.9789480566978455
0.6620537638664246
0.9791836738586426
0.5751828551292419
0.9958124756813049
0.6315420866012573
0.9220437407493591
0.9111953377723694
0.6625928282737732
0.9979192614555359
0.971238374710083
0.9363506436347961
0.9987213015556335
0.7201328277587891
0.837995171546936
0.8125008940696716
0.4142482876777649
0.8849567174911499
0.9909155964851379
0.9645454287528992
0.5752497911453247
0.6923983693122864
0.94804847240448
0.8077815175056458
0.9459769129753113
0.9894696474075317
0.9972416162490845
0.6153593063354492
0.9986995458602905
0.933695375919342
0.9999419450759888
0.5112336874008179
0.7463630437850952
0.8384487628936768
0.9854692816734314
0.9814726114273071
0.9806510806083679
0.9924862384796143
0.7180071473121643
0.4566766619682312
0.8450114130973816
0.464519739151001
0.6374926567077637
0.9892828464508057
0.6808387041091919
0.3501756191253662
0.9705138206481934
0.9131820201873779
0.7490125298500061
0.9548178911209106
0.5901240706443787
0.7627272605895996
0.8129180073738098
0.9882950782775879
0.5053876042366028
0.9417021870613098
0.9959422945976257
0.998542070388794
0.9713999629020691
0.9994053840637207
0.9888569712638855
0.624087929725647
0.9626035690307617
0.5279869437217712
0.9850314855575562
0.9802067279815674
0.98869788646698
0.9569835662841797
0.993767499923706
0.9528769850730896
0.7542431354522705
0.594713032245636
0.7899557948112488
0.5919409394264221
0.9845577478408813
0.5239493250846863
0.9995853304862976
0.8649479746818542
0.6530604958534241
0.8491519093513489
0.9789759516716003
0.7331523895263672
0.9224133491516113
0.8056917786598206
0.9997753500938416
0.9998888969421387
0.9921499490737915
0.8517990112304688
0.9301959276199341
0.983350396156311
0.6673076152801514
0.9361043572425842
0.9062232971191406
0.44706442952156067
0.4372985064983368
0.5891820788383484
0.9954187870025635
0.7552744746208191
0.5784438848495483
0.5073391795158386
0.6255547404289246
0.507330060005188
0.8143589496612549
0.9816426634788513
0.9945118427276611
0.7759730815887451
0.9849454164505005
0.9889973402023315
0.47240325808525085
0.852634608745575
0.736729085445404
0.9995881915092468
0.6144893765449524
0.7689245939254761
0.9992920160293579
0.7631109952926636
0.7978216409683228
0.6964002251625061
0.5931649804115295
0.9458402395248413
0.8897220492362976
0.9994844198226929
0.9827305674552917
0.9787703156471252
0.47584593296051025
0.9947051405906677
0.9697920083999634
0.5436480641365051
0.7658984065055847
0.6083347797393799
0.9715412855148315
0.9952660799026489
0.9707217812538147
0.9997566342353821
0.5988865494728088
0.9865087866783142
0.6832853555679321
0.7131300568580627
0.9997811913490295
0.8221280574798584
0.7145482897758484
0.4624216556549072
0.6948643922805786
0.9649776816368103
0.8842045664787292
0.8524652719497681
0.421107679605484
0.9995063543319702
0.9981881976127625
0.861807107925415
0.4189148545265198
0.9244475364685059
0.9959428906440735
0.5527974963188171
0.6949656009674072
0.8721088171005249
0.8923702836036682
0.8719403743743896
0.5711826086044312
0.9906152486801147
0.9560588002204895
0.5711628198623657
0.9991008043289185
0.9205605387687683
0.8693350553512573
0.9715471267700195
0.9982439279556274
0.8493157029151917
0.9985194802284241
0.4609314799308777
0.7465290427207947
0.7123475074768066
0.5723028779029846
0.5478660464286804
0.9332427382469177
0.8544954061508179
0.8369595408439636
0.5901026129722595
0.9998965263366699
0.981857180595398
0.4753188192844391
0.351271390914917
0.9986481070518494
0.649285614490509
0.7741284370422363
0.9785088896751404
0.7134112119674683
0.7748410105705261
0.4931282103061676
0.7804396152496338
0.6986501216888428
0.9797311425209045
0.8315552473068237
0.9996094107627869
0.5036646723747253
0.8484656810760498
0.9924881458282471
0.9076168537139893
0.9562102556228638
0.9192636609077454
0.6002013087272644
0.5553765296936035
0.7853829264640808
0.9223722815513611
0.9638347029685974
0.5069851875305176
0.620270848274231
0.5599285960197449
0.999862551689148
0.9995180368423462
0.8871636390686035
0.9300909042358398
0.9684669375419617
0.7633426785469055
0.853556215763092
0.6722140908241272
0.9724976420402527
0.7401383519172668
0.999920129776001
0.3675617277622223
0.5984782576560974
0.984005331993103
0.9807239770889282
0.9998712539672852
0.9996697902679443
0.9998703002929688
0.919660747051239
0.6288807392120361
0.5234180092811584
0.9934543371200562
0.8991697430610657
0.9976122379302979
0.44829168915748596
0.9881961345672607
0.962626039981842
0.6084654927253723
0.5060971975326538
0.9908125996589661
0.47549012303352356
0.9326282739639282
0.9998743534088135
0.6453616619110107
0.9159523844718933
0.5074515342712402
0.5804018974304199
0.9313639402389526
0.9550121426582336
0.6581027507781982
0.9860937595367432
0.9508177042007446
0.9317905306816101
0.3844001293182373
0.9324745535850525
0.6756982803344727
0.7993683815002441
0.5854865312576294
0.9982088804244995
0.622807502746582
0.5807604789733887
0.7084142565727234
0.9070286154747009
0.42880719900131226
0.6423695087432861
0.9927875399589539
0.9981915354728699
0.9830854535102844
0.906620442867279
0.94607013463974
0.4453795850276947
0.9869751930236816
0.45645853877067566
0.9932576417922974
0.9138773083686829
0.8357911109924316
0.6014103889465332
0.9178975820541382
0.4950789511203766
0.2783127427101135
0.9976589679718018
0.6532204747200012
0.688031792640686
0.7826902270317078
0.7222269177436829
0.8534543514251709
0.5728698372840881
0.9888141751289368
0.999173104763031
0.9972034692764282
0.8098580241203308
0.515551745891571
0.8089575171470642
0.5487210154533386
0.9338894486427307
0.9393965005874634
0.7435534000396729
0.4505792260169983
0.6044354438781738
0.42264628410339355
0.6899140477180481
0.7289343476295471
0.7691815495491028
0.9999138116836548
0.9696359038352966
0.8684888482093811
0.9940709471702576
0.5551926493644714
0.783130407333374
0.9718450903892517
0.9977933168411255
0.9862047433853149
0.4569375216960907
0.561607837677002
0.972510814666748
0.8736615180969238
0.9745399355888367
0.6111515760421753
0.9372145533561707
0.7057785391807556
0.5353010892868042
0.9977904558181763
0.5040287971496582
0.9655411243438721
0.9508166909217834
0.8567126393318176
0.4928317666053772
0.4463717043399811
0.9384074211120605
0.9882099628448486
0.9601522088050842
0.9989473223686218
0.6146920919418335
0.623400092124939
0.6205074787139893
0.9699794054031372
0.5206337571144104
0.7403804659843445
0.8599503040313721
0.9234136343002319
0.9787304997444153
0.9999706745147705
0.709130048751831
0.9892011880874634
0.994411051273346
0.7241758704185486
0.9998996257781982
0.9359013438224792
0.3651098608970642
0.6959387063980103
0.5928173661231995
0.9990193843841553
0.7515980005264282
0.9974744915962219
0.9924389123916626
0.5107060074806213
0.3850984275341034
0.98124760389328
0.8080134987831116
0.9829078316688538
0.9874069094657898
0.8999121189117432
0.8199458122253418
0.7419538497924805
0.9172408580780029
0.4858233630657196
0.9989050626754761
0.43318140506744385
0.9742626547813416
0.7422587275505066
0.4126604497432709
0.666118323802948
0.9995982050895691
0.9901952147483826
0.6421267986297607
0.975207507610321
0.853802502155304
0.9995457530021667
0.9997949004173279
0.5153639912605286
0.9985443353652954
0.9571477770805359
0.999687910079956
0.6215865015983582
0.8452131748199463
0.5110528469085693
0.9563667178153992
0.3804331421852112
0.7689430117607117
0.5468860268592834
0.9934096336364746
0.9876278638839722
0.7759788036346436
0.9987247586250305
0.9842733144760132
0.9768794178962708
0.99522864818573
0.6986794471740723
0.9999607801437378
0.873508632183075
0.8902453184127808
0.7897680401802063
0.8204847574234009
0.49761998653411865
0.3063400685787201
0.9308618903160095
0.9994972944259644
0.4382134974002838
0.9859845638275146
0.53468918800354
0.4844694435596466
0.9998887777328491
0.9498441219329834
0.36686092615127563
0.906864583492279
0.9943463206291199
0.5478901267051697
0.7140629887580872
0.9790228009223938
0.9504697322845459
0.7474239468574524
0.9893479347229004
0.6510486006736755
0.5568393468856812
0.9729649424552917
0.9986914992332458
0.7938522100448608
0.9971237778663635
0.9845705628395081
0.935398280620575
0.9870256781578064
0.8583909273147583
0.9997031092643738
0.8843472003936768
0.9469168186187744
0.4837830662727356
0.5415353775024414
0.9996212720870972
0.3586924374103546
0.5430527925491333
0.8955376744270325
0.8143154382705688
0.9466532468795776
0.6483896374702454
0.9427542090415955
0.5709609389305115
0.9865450263023376
0.8277621865272522
0.2786819338798523
0.9667758941650391
0.7776104211807251
0.5673862099647522
0.9956375956535339
0.8600836396217346
0.9769542813301086
0.845388650894165
0.8930896520614624
0.8241314888000488
0.9998857975006104
0.9986977577209473
0.9911701679229736
0.9812716841697693
0.6756963729858398
0.646787166595459
0.623964786529541
0.6644601821899414
0.84161776304245
0.7466951012611389
0.5425804257392883
0.972588837146759
0.8629084229469299
0.6714302897453308
0.50124591588974
0.9279791116714478
0.5640257000923157
0.7332631945610046
0.9937999844551086
0.9577742218971252
0.8319774270057678
0.4639802575111389
0.5832476019859314
0.32671841979026794
0.7978941798210144
0.5916473269462585
0.7743951678276062
0.9289069175720215
0.9966663718223572
0.9677513241767883
0.8407604694366455
0.4773596227169037
0.9919252991676331
0.9430267810821533
0.9225466847419739
0.9586769342422485
0.4965725541114807
0.7366757392883301
0.9531365036964417
0.4926241636276245
0.93529212474823
0.9792212843894958
0.611609935760498
0.5439128875732422
0.996940016746521
0.6654290556907654
0.9799683094024658
0.9641353487968445
0.9750775694847107
0.4879103899002075
0.986214816570282
0.9784673452377319
0.6483407616615295
0.29965487122535706
0.8112194538116455
0.4367278218269348
0.731022298336029
0.9999911785125732
0.9992838501930237
0.9386364221572876
0.5798444747924805
0.8735828995704651
0.3882199823856354
0.5297033786773682
0.9054998755455017
0.9495701193809509
0.532505452632904
0.8968985676765442
0.9994495511054993
0.8734447360038757
0.9145311117172241
0.3903666138648987
0.990868330001831
0.667067289352417
0.5590158104896545
0.9980997443199158
0.6243522763252258
0.5257568955421448
0.9853217005729675
0.9460281133651733
0.9585549831390381
0.5538594126701355
0.48400476574897766
0.9461420774459839
0.4730896055698395
0.8467220067977905
0.9986394047737122
0.8577429056167603
0.9999358654022217
0.9971784353256226
0.7625539898872375
0.8776170611381531
0.9988328814506531
0.49528440833091736
0.5181525945663452
0.7830548882484436
0.9993636012077332
0.7057875394821167
0.9938591122627258
0.972266435623169
0.7868599891662598
0.7690267562866211
0.9509657025337219
0.9982573390007019
0.9237282276153564
0.7806139588356018
0.8052095770835876
0.6255854368209839
0.4484308660030365
0.9918051958084106
0.999966025352478
0.9999403953552246
0.9503600597381592
0.41863030195236206
0.916592538356781
0.6513048410415649
0.8320881128311157
0.6348759531974792
0.9997178912162781
0.8553891181945801
0.9943193197250366
0.6637385487556458
0.9989075660705566
0.7610381245613098
0.8998467326164246
0.4345666468143463
0.7796740531921387
0.9062831997871399
0.998233437538147
0.9873793125152588
0.9934349060058594
0.8400927186012268
0.9915716648101807
0.80193030834198
0.9822835326194763
0.9930487871170044
0.997306227684021
0.9972699284553528
0.8863356113433838
0.9506683349609375
0.9553783535957336
0.42299818992614746
0.7330955266952515
0.99983811378479
0.8146752715110779
0.40024474263191223
0.6183974146842957
0.5924955010414124
0.44093483686447144
0.8119673132896423
0.9767429232597351
0.9885397553443909
0.9997963309288025
0.7052906155586243
0.6352004408836365
0.4919488728046417
0.9752635955810547
0.9918776750564575
0.8478771448135376
0.8016397356987
0.9487770199775696
0.9999364614486694
0.7394210696220398
0.7790573835372925
0.9999548196792603
0.9993402361869812
0.45208796858787537
0.984816312789917
0.9999048709869385
0.8653594851493835
0.7785681486129761
0.9980284571647644
0.9864670634269714
0.9807650446891785
0.45923787355422974
0.9549475908279419
0.6295872330665588
0.5894494652748108
0.9550854563713074
0.9935021996498108
0.9440864324569702
0.9902949333190918
0.9988102912902832
0.5282360315322876
0.99752277135849
0.9984546899795532
0.955223798751831
0.9999734163284302
0.9974149465560913
0.993349015712738
0.47947341203689575
0.9970284104347229
0.999874472618103
0.9022519588470459
0.28532204031944275
0.8989247679710388
0.4156348705291748
0.999342143535614
0.988603949546814
0.9968762397766113
0.9997716546058655
0.9999663829803467
0.9560964703559875
0.6500668525695801
0.9999415874481201
0.9978938698768616
0.9974719882011414
0.9864025712013245
0.9411906003952026
0.7592273950576782
0.4360656440258026
0.9813991189002991
0.9402210712432861
0.573414146900177
0.8986572623252869
0.5621016621589661
0.6171496510505676
0.5965082049369812
0.5621012449264526
0.32128551602363586
0.5693753957748413
0.6275376081466675
0.6580508351325989
0.9121054410934448
0.994831919670105
0.9996035695075989
0.9955345392227173
0.7711408734321594
0.9553978443145752
0.8809399604797363
0.9766533970832825
0.8180368542671204
0.6112107038497925
0.6503742337226868
0.36053672432899475
0.6620235443115234
0.9973612427711487
0.7544476985931396
0.8221821188926697
0.9184706211090088
0.6638116240501404
0.9743024706840515
0.8993173837661743
0.8612812161445618
0.5530574321746826
0.9995883107185364
0.5300381183624268
0.9362160563468933
0.28247565031051636
0.9713454246520996
0.43034860491752625
0.9131961464881897
0.6073696613311768
0.9998588562011719
0.5047698020935059
0.6206919550895691
0.8024165034294128
0.9980689883232117
0.38184618949890137
0.9999905824661255
0.5410737991333008
0.9296751618385315
0.8832458257675171
0.9929072856903076
0.8563030362129211
0.8725761771202087
0.6763538122177124
0.9672680497169495
0.8768025636672974
0.7315041422843933
0.8873798847198486
0.843492329120636
0.6735466718673706
0.7985384464263916
0.9996447563171387
0.9542341232299805
0.9994487166404724
0.5607390999794006
0.5082046985626221
0.5579923987388611
0.9692450165748596
0.9991713762283325
0.9995519518852234
0.8717201352119446
0.4000997543334961
0.7479219436645508
0.9998394250869751
0.9998849630355835
0.6412912011146545
0.9353386163711548
0.996290922164917
0.7378660440444946
0.8762935400009155
0.9898632764816284
0.9121413230895996
0.6893907785415649
0.940959632396698
0.9094378352165222
0.8434090614318848
0.9926797151565552
0.6767880320549011
0.45464205741882324
0.917938232421875
0.9959059953689575
0.7604470252990723
0.7145097255706787
0.5824654698371887
0.996566653251648
0.8758547306060791
0.46205517649650574
0.9986586570739746
0.9966278672218323
0.6832219958305359
0.992326021194458
0.9935861229896545
0.6907404661178589
0.9624727368354797
0.7636509537696838
0.7859880924224854
0.9510687589645386
0.9999722242355347
0.9851626753807068
0.5786132216453552
0.9281215667724609
0.8656060099601746
0.534660279750824
0.8518689274787903
0.9618949294090271
0.9891107678413391
0.874832808971405
0.557530403137207
0.843332827091217
0.6631853580474854
0.827847957611084
0.9618539214134216
0.9959691762924194
0.5520185232162476
0.6464806795120239
0.8015485405921936
0.8314354419708252
0.5381661057472229
0.977401614189148
0.871429979801178
0.5734190344810486
0.8631935119628906
0.9245319962501526
0.35831505060195923
0.4071650505065918
0.9349991679191589
0.49466249346733093
0.9761362075805664
0.997840166091919
0.9737827777862549
0.6241849064826965
0.9248952269554138
0.8896611928939819
0.9932754039764404
0.69829922914505
0.9824817776679993
0.9766808152198792
0.9853286147117615
0.5072485208511353
0.4891659915447235
0.9995087385177612
0.5982999205589294
0.8529688119888306
0.680115282535553
0.45204421877861023
0.6836881637573242
0.736498236656189
0.9997767806053162
0.9997863173484802
0.9989435076713562
0.7171874642372131
0.9992801547050476
0.9170203804969788
0.5457500219345093
0.4446193277835846
0.9969059824943542
0.8966360688209534
0.9402093291282654
0.9490481615066528
0.8794492483139038
0.6167924404144287
0.5606856346130371
0.9968499541282654
0.9996542930603027
0.3470427691936493
0.9571688771247864
0.6603583693504333
0.6980801820755005
0.7804053425788879
0.9290555715560913
0.8215751647949219
0.7824140191078186
0.9528246521949768
0.9980418682098389
0.9967778325080872
0.9095496535301208
0.5797783136367798
0.9923679232597351
0.9145771861076355
0.7458705306053162
0.7637853026390076
0.5316423177719116
0.9673512578010559
0.9450913071632385
0.9789303541183472
0.9270101189613342
0.9984620809555054
0.5923492312431335
0.9774404764175415
0.9978210926055908
0.9187265038490295
0.7866837382316589
0.7388449311256409
0.9988364577293396
0.3510349988937378
0.8474365472793579
0.6020066738128662
0.9500241875648499
0.4804382920265198
0.9393635988235474
0.6259931325912476
0.6059908866882324
0.5001003742218018
0.71768718957901
0.6113386750221252
0.5982224345207214
0.6079432964324951
0.9970914125442505
0.7963132262229919
0.5786819458007812
0.7236095666885376
0.6277235746383667
0.7098405957221985
0.9097979068756104
0.5903700590133667
0.9341040849685669
0.4602299630641937
0.928061306476593
0.6402456164360046
0.5465138554573059
0.9009714126586914
0.8450844883918762
0.7167860269546509
0.9875353574752808
0.5672343969345093
0.4073028862476349
0.6926087737083435
0.5458424091339111
0.8697614073753357
0.9619148969650269
0.9985125660896301
0.43220293521881104
0.9059862494468689
0.6392101645469666
0.9821630120277405
0.941857099533081
0.6691899299621582
0.6973363757133484
0.9586058259010315
0.9992368221282959
0.5011716485023499
0.7261708378791809
0.9271985292434692
0.690095067024231
0.9876915812492371
0.9520103931427002
0.9454765915870667
0.5753591656684875
0.9952634572982788
0.7473243474960327
0.9986199140548706
0.9868811368942261
0.9937540888786316
0.9746456146240234
0.8324639201164246
0.974602460861206
0.9746930599212646
0.44911885261535645
0.841363787651062
0.9878391027450562
0.5119981169700623
0.9315592050552368
0.9902554154396057
0.5521098971366882
0.999629020690918
0.7914631366729736
0.9983868598937988
0.36689290404319763
0.9552889466285706
0.8838121891021729
0.9975347518920898
0.5681206583976746
0.5684728622436523
0.9831367135047913
0.4467625319957733
0.8788819313049316
0.44156867265701294
0.5937548875808716
0.5066884756088257
0.9983042478561401
0.7313030958175659
0.9259100556373596
0.7024686336517334
0.9283322691917419
0.7374957799911499
0.5151865482330322
0.7917520403862
0.9953916072845459
0.5278939604759216
0.9873931407928467
0.990329384803772
0.9999904632568359
0.9837756752967834
0.612423837184906
0.8917509913444519
0.9738016724586487
0.6953592300415039
0.923534631729126
0.39184805750846863
0.9930156469345093
0.9042109251022339
0.999049723148346
0.870307445526123
0.9582570195198059
0.9924712181091309
0.8547673225402832
0.693608820438385
0.9506971836090088
0.9786043167114258
0.99988853931427
0.6056154370307922
0.9494580626487732
0.9984464049339294
0.8922930955886841
0.6825348138809204
0.5571461915969849
0.5314489603042603
0.5273090600967407
0.6051823496818542
0.9868886470794678
0.7937146425247192
0.508682131767273
0.9610090851783752
0.41431576013565063
0.9554532170295715
0.46249082684516907
0.9620669484138489
0.9957382678985596
0.7764177918434143
0.8077822923660278
0.9450374841690063
0.9820255041122437
0.49570226669311523
0.7073380947113037
0.9577521085739136
0.574786365032196
0.504307746887207
0.9368593692779541
0.7876655459403992
0.607647180557251
0.8132043480873108
0.9796327352523804
0.9959189295768738
0.47472715377807617
0.5144590735435486
0.9251916408538818
0.9662452340126038
0.8967252373695374
0.42022284865379333
0.49342072010040283
0.9884154796600342
0.9711825847625732
0.8887044787406921
0.5320733785629272
0.9997772574424744
0.9295068383216858
0.9152008891105652
0.8080419898033142
0.9994887113571167
0.8245944380760193
0.5404253602027893
0.8736202120780945
0.9598856568336487
0.9888494610786438
0.9900788068771362
0.7297005653381348
0.9955865144729614
0.9892461895942688
0.604890763759613
0.8424577713012695
0.9437528848648071
0.6524413228034973
0.9310562014579773
0.980008602142334
0.8087314367294312
0.9614602327346802
0.8886711001396179
0.7380390763282776
0.9924576282501221
0.8441749811172485
0.9869993329048157
0.9918809533119202
0.9987788796424866
0.8495791554450989
0.9269487261772156
0.47365692257881165
0.9345152378082275
0.9964162111282349
0.9752680063247681
0.9510299563407898
0.7330772876739502
0.9661628007888794
0.6246736645698547
0.7019493579864502
0.7491782903671265
0.9135029315948486
0.991547167301178
0.7588005661964417
0.9664638042449951
0.9719753265380859
0.7443108558654785
0.9985822439193726
0.7395292520523071
0.4613035321235657
0.9666566848754883
0.9999903440475464
0.867260217666626
0.9453120231628418
0.977993369102478
0.7344664335250854
0.9834068417549133
0.6439940333366394
0.9557141661643982
0.9138609170913696
0.5930689573287964
0.9999874830245972
0.9851935505867004
0.6848734021186829
0.5363253951072693
0.9878326654434204
0.8267817497253418
0.6282006502151489
0.9583607316017151
0.9089150428771973
0.7509345412254333
0.7764557600021362
0.9960557222366333
0.7824816703796387
0.9201622009277344
0.9907682538032532
0.999852180480957
0.9994958639144897
0.9714831113815308
0.999951958656311
0.7561934590339661
0.9996931552886963
0.6705368161201477
0.5187335014343262
0.962508499622345
0.6536449193954468
0.37720224261283875
0.4230439066886902
0.9285212159156799
0.6443395018577576
0.6561665534973145
0.8805633187294006
0.3080163300037384
0.7532349824905396
0.9973059892654419
0.35535410046577454
0.9379824995994568
0.968834638595581
0.9485171437263489
0.48666948080062866
0.9913491606712341
0.7640746831893921
0.9189584255218506
0.8840242028236389
0.617061972618103
0.9642432928085327
0.9736282825469971
0.9809287190437317
0.5243474841117859
0.5855106115341187
0.8148327469825745
0.5361188650131226
0.6015191674232483
0.7430887818336487
0.6070050001144409
0.9814457297325134
0.9518362283706665
0.9037849307060242
0.9121125340461731
0.751431941986084
0.9868931770324707
0.9767884016036987
0.913059413433075
0.9898865222930908
0.7800964713096619
0.4181186854839325
0.9466917514801025
0.7758700847625732
0.9799422025680542
0.7480835318565369
0.5057230591773987
0.5285838842391968
0.5139219760894775
0.8409976959228516
0.9743510484695435
0.5208424925804138
0.27552783489227295
0.9910954236984253
0.8869668841362
0.5718846917152405
0.9784730672836304
0.9996293783187866
0.8902859687805176
0.9999960660934448
0.9053549766540527
0.6803280115127563
0.7287842035293579
0.5360907316207886
0.6732651591300964
0.975609302520752
0.9988870024681091
0.5938196182250977
0.9945048689842224
0.8603885769844055
0.9792265892028809
0.9967905879020691
0.9999945163726807
0.9938849806785583
0.8783849477767944
0.7435303926467896
0.33919620513916016
0.8330851197242737
0.9990755319595337
0.9852323532104492
0.5246272087097168
0.7388072609901428
0.5976834297180176
0.8682612776756287
0.513576090335846
0.8355908989906311
0.903710126876831
0.985663890838623
0.9070363640785217
0.7355528473854065
0.9995348453521729
0.9921074509620667
0.9999626874923706
0.8758941292762756
0.5348347425460815
0.4696880578994751
0.9734382629394531
0.9227063655853271
0.5805076360702515
0.9051255583763123
0.9987996816635132
0.9610549807548523
0.7435954213142395
0.8482484221458435
0.9928313493728638
0.687244713306427
0.6544601321220398
0.8552894592285156
0.9948574304580688
0.7599847316741943
0.7414922118186951
0.9998657703399658
0.688004195690155
0.9505876302719116
0.8905872702598572
0.8815359473228455
0.7958055734634399
0.978364884853363
0.9963087439537048
0.9449504613876343
0.9410587549209595
0.9904244542121887
0.8291484117507935
0.8374373316764832
0.6026169657707214
0.8693456053733826
0.5972811579704285
0.6357452869415283
0.8578526973724365
0.9753704071044922
0.9949122071266174
0.7992144823074341
0.921189546585083
0.9729203581809998
0.9991884827613831
0.7599416375160217
0.9896083474159241
0.6759954690933228
0.5668268799781799
0.46276795864105225
0.9108442068099976
0.9529324173927307
0.8930829763412476
0.6068875193595886
0.5434986352920532
0.9692109227180481
0.44512346386909485
0.5300588011741638
0.9769524335861206
0.8776095509529114
0.8599913716316223
0.925539493560791
0.37811174988746643
0.5699328780174255
0.5929298400878906
0.8735847473144531
0.7139081954956055
0.9229033589363098
0.9412865042686462
0.8733347058296204
0.9819990396499634
0.9396471381187439
0.9987913966178894
0.9629598259925842
0.8630408644676208
0.9298369884490967
0.7350565195083618
0.8888389468193054
0.9752748608589172
0.9832199215888977
0.8350682258605957
0.792900025844574
0.9894910454750061
0.9805132150650024
0.8985177278518677
0.9598430395126343
0.8134937882423401
0.9654579162597656
0.9989508390426636
0.9987353682518005
0.9439454078674316
0.9980886578559875
0.9454678893089294
0.9999350309371948
0.9985741376876831
0.9981112480163574
0.5717326402664185
0.9216518402099609
0.5749757885932922
0.4923233091831207
0.5726181864738464
0.6497489213943481
0.8855164647102356
0.9999622106552124
0.9391559958457947
0.9998400211334229
0.6419721245765686
0.4075087308883667
0.7979549169540405
0.9677304625511169
0.9968810081481934
0.9930860996246338
0.9338878989219666
0.8876367211341858
0.9763039946556091
0.488131046295166
0.8023324608802795
0.4723546802997589
0.9936466217041016
0.4822819232940674
0.9984983205795288
0.9975026249885559
0.999413251876831
0.8984665274620056
0.9989509582519531
0.4761809706687927
0.6601440906524658
0.7639504671096802
0.9022071361541748
0.999163031578064
0.7963690161705017
0.892439067363739
0.9985289573669434
0.9692728519439697
0.9280570149421692
0.883137047290802
0.9999405145645142
0.992412269115448
0.9425508975982666
0.7928797006607056
0.798730194568634
0.7618570327758789
0.9909795522689819
0.7698705196380615
0.8887811303138733
0.6438387036323547
0.9995217323303223
0.9241014719009399
0.2854999601840973
0.5062785148620605
0.5368017554283142
0.9509137272834778
0.9483181238174438
0.9212676286697388
0.7499464154243469
0.4479862451553345
0.9580017328262329
0.9997485280036926
0.5050416588783264
0.9649918079376221
0.6804053783416748
0.99383544921875
0.9944816827774048
0.9982098340988159
0.9762564897537231
0.6550910472869873
0.472573459148407
0.8092182278633118
0.7925856113433838
0.9781566858291626
0.999698281288147
0.7431654930114746
0.4200018644332886
0.6977555155754089
0.6476476192474365
0.6340455412864685
0.8067519664764404
0.9638997912406921
0.7550191879272461
0.9943980574607849
0.9880661964416504
0.9237725138664246
0.5834917426109314
0.806594729423523
0.9367834329605103
0.5957216620445251
0.994010865688324
0.9976831674575806
0.9738415479660034
0.9663617014884949
0.9489887356758118
0.8071801662445068
0.9839789867401123
0.5671287775039673
0.43839359283447266
0.840858519077301
0.8777052164077759
0.7684577703475952
0.818203866481781
0.5115355253219604
0.9993638396263123
0.816831648349762
0.5568516850471497
0.9860550761222839
0.9995989203453064
0.718798816204071
0.9203064441680908
0.9416957497596741
0.9948312640190125
0.9074389338493347
0.9946956038475037
0.5767359733581543
0.760047197341919
0.7648518085479736
0.996547520160675
0.9600474834442139
0.8633692860603333
0.9494302868843079
0.929500162601471
0.9947209358215332
0.9975159168243408
0.9910780787467957
0.5193063616752625
0.770442545413971
0.9971051812171936
0.9925091862678528
0.9366016387939453
0.3514999449253082
0.9419085383415222
0.9257028102874756
0.9318286776542664
0.6531123518943787
0.6378099918365479
0.9855076670646667
0.9802471399307251
0.7460229992866516
0.8751822710037231
0.7446590065956116
0.6336226463317871
0.6105247139930725
0.617891252040863
0.9921116828918457
0.8607006669044495
0.7435683608055115
0.9257290959358215
0.6679196953773499
0.9873130917549133
0.37894171476364136
0.9784335494041443
0.46221572160720825
0.8461764454841614
0.7790780663490295
0.9192525744438171
0.7950187921524048
0.5559530854225159
0.7021182775497437
0.9992344379425049
0.9562836289405823
0.844693124294281
0.9409949779510498
0.9334660172462463
0.6640691757202148
0.6604666113853455
0.9775625467300415
0.913862407207489
0.999756395816803
0.8800103664398193
0.685773491859436
0.9978963136672974
0.5448329448699951
0.9875259399414062
0.9398953318595886
0.3045467138290405
0.9852858185768127
0.9005228281021118
0.5671801567077637
0.9969075322151184
0.41999757289886475
0.4941137135028839
0.8507488369941711
0.9961231350898743
0.6573752164840698
0.9984948635101318
0.9906595945358276
0.9518864750862122
0.8290660381317139
0.5083680152893066
0.5113369822502136
0.9629939794540405
0.561462938785553
0.9986491799354553
0.5137946009635925
0.5409700274467468
0.4652329683303833
0.6556381583213806
0.9970301389694214
0.8043327331542969
0.9263065457344055
0.8835541605949402
0.7042766213417053
0.6183378100395203
0.7849751710891724
0.9751726984977722
0.6280368566513062
0.5204031467437744
0.696515679359436
0.9992831349372864
0.8457760214805603
0.9558722972869873
0.3929543197154999
0.2346145063638687
0.9878512024879456
0.8101667761802673
0.4556686282157898
0.6085121035575867
0.730941653251648
0.7240186929702759
0.651538610458374
0.7600507140159607
0.603874683380127
0.9952410459518433
0.6836176514625549
0.7763607501983643
0.9002402424812317
0.8283591866493225
0.802060604095459
0.6277337670326233
0.8726896643638611
0.9963445067405701
0.8893262147903442
0.9625959396362305
0.6474928855895996
0.7904275059700012
0.9582167863845825
0.5671011805534363
0.8592491745948792
0.9940261840820312
0.8009395003318787
0.9903913736343384
0.834537148475647
0.4351296126842499
0.48376891016960144
0.9259432554244995
0.5878920555114746
0.6649434566497803
0.9626909494400024
0.9974986910820007
0.6977575421333313
0.381674200296402
0.9497847557067871
0.6119363903999329
0.9822655916213989
0.7240380644798279
0.44775694608688354
0.9765323400497437
0.5083439946174622
0.6033380031585693
0.7456120252609253
0.43616536259651184
0.6156874299049377
0.9522461891174316
0.9833734035491943
0.5296406149864197
0.4468301236629486
0.9450972676277161
0.9958081245422363
0.5281221270561218
0.9978944659233093
0.4007149934768677
0.9988332390785217
0.627036452293396
0.9525253772735596
0.9658623337745667
0.9717501401901245
0.8645076155662537
0.44872933626174927
0.7016976475715637
0.8149142861366272
0.7455534934997559
0.9891730546951294
0.9693785309791565
0.5507068037986755
0.5852770805358887
0.7418435215950012
0.3484014868736267
0.5425674319267273
0.9379148483276367
0.9970144033432007
0.5914677381515503
0.9684460759162903
0.5845058560371399
0.9997243285179138
0.954624354839325
0.9990983009338379
0.9647760391235352
0.9997125267982483
0.5773903131484985
0.6353984475135803
0.29057735204696655
0.4085771143436432
0.7548609375953674
0.9982278943061829
0.9991235136985779
0.998475968837738
0.9155849814414978
0.9349030256271362
0.7781447768211365
0.999800980091095
0.9650368690490723
0.6829929947853088
0.9715718626976013
0.9494181871414185
0.9972163438796997
0.9965704679489136
0.4294586777687073
0.3480030298233032
0.6742681264877319
0.9923009872436523
0.6322654485702515
0.44409823417663574
0.7641736268997192
0.99747234582901
0.816253662109375
0.76546311378479
0.49310538172721863
0.8414222598075867
0.8159542679786682
0.4768427312374115
0.8299887776374817
0.9559573531150818
0.8985239863395691
0.7093796730041504
0.5003869533538818
0.8019779324531555
0.44598597288131714
0.8402688503265381
0.8660081624984741
0.7798804640769958
0.5496668219566345
0.845893919467926
0.43082794547080994
0.9761493802070618
0.7958577275276184
0.6029782295227051
0.5879954099655151
0.9138930439949036
0.9835007190704346
0.834352433681488
0.9617567658424377
0.8028106689453125
0.5569465160369873
0.7472386956214905
0.6401069760322571
0.7727872133255005
0.48651644587516785
0.5685006380081177
0.9998553991317749
0.9968549013137817
0.9781514406204224
0.8355668187141418
0.6894308924674988
0.9962239265441895
0.6110785007476807
0.7242716550827026
0.5615469813346863
0.953830897808075
0.3799927830696106
0.7208608388900757
0.7009359002113342
0.9701024889945984
0.6596028208732605
0.5087454319000244
0.999277651309967
0.990209698677063
0.8926859498023987
0.5693539381027222
0.5671612024307251
0.987996518611908
0.9902178645133972
0.8198051452636719
0.4252059757709503
0.6007393002510071
