0.001010644598864019
0.0010132042225450277
0.00101233902387321
0.0010094492463395
0.0010129314614459872
0.0010121853556483984
0.0010116285411641002
0.001014359062537551
0.0010098646162077785
0.0010105997789651155
0.0010120018851011992
0.0010093544842675328
0.0010104089742526412
0.0010110456496477127
0.001010890700854361
0.0010142048122361302
0.0010117304045706987
0.0010119674261659384
0.0010113103780895472
0.0010115570621564984
0.0010090923169627786
0.001011937391012907
0.0010103806853294373
0.001011596992611885
0.0010105343535542488
0.0010123697575181723
0.0010119413491338491
0.0010100984945893288
0.001009879051707685
0.001010487787425518
0.0010108299320563674
0.0010111074661836028
0.0010113883763551712
0.0010088288690894842
0.0010103939566761255
0.0010138297220692039
0.0010103717213496566
0.0010115323821082711
0.001012983382679522
0.00101105822250247
0.001011815038509667
0.001012162771075964
0.0010130270384252071
0.0010105149121955037
0.001010293373838067
0.001011467888019979
0.0010100785875692964
0.0010126542765647173
0.0010093970922753215
0.0010113406460732222
0.0010101789375767112
0.0010112972231581807
0.0010118532227352262
0.0010109180584549904
0.0010101620573550463
0.0010116933844983578
0.0010126715060323477
0.0010092512238770723
0.001010156236588955
0.0010092452866956592
0.0010131734889000654
0.00101098557934165
0.0010124813998118043
0.0010107767302542925
0.0010114528704434633
0.001010899432003498
0.0010088589042425156
0.0010092641459777951
0.0010123293614014983
0.0010124038672074676
0.0010108613641932607
0.0010140812955796719
0.0010108978021889925
0.0010125164408236742
0.0010127060813829303
0.0010137604549527168
0.001011863467283547
0.0010106672998517752
0.001010252977721393
0.001012611435726285
0.001010207924991846
0.0010123777901753783
0.0010120086371898651
0.0010114372707903385
0.0010091252624988556
0.0010121678933501244
0.0010118273785337806
0.0010112895397469401
0.0010130483424291015
0.0010128985159099102
0.0010087537812069058
0.0010110349394381046
0.0010128235444426537
0.0010143190156668425
0.0010079212952405214
0.0010097784688696265
0.0010089243296533823
0.0010100729996338487
0.0010106207337230444
0.0010099507635459304
0.0010089761344715953
0.0010123461252078414
0.001012848922982812
0.0010124415857717395
0.0010123953688889742
0.0010103050153702497
0.0010091275908052921
0.0010122797684744
0.0010098215425387025
0.001010853098705411
0.0010093204909935594
0.0010097329504787922
0.0010110479779541492
0.0010108185233548284
0.0010134497424587607
0.001010252395644784
0.0010127004934474826
0.00101296731736511
0.00101443100720644
0.0010122859384864569
0.0010098605416715145
0.0010104539105668664
0.001010458916425705
0.0010118759237229824
0.0010095055913552642
0.001012958469800651
0.0010083680972456932
0.0010089976713061333
0.0010131123708561063
0.0010098675265908241
0.001012355089187622
0.0010106104891747236
0.0010094486642628908
0.0010140837403014302
0.0010107302805408835
0.0010135661577805877
0.0010107469279319048
0.0010107713751494884
0.0010118153877556324
0.0010098812635987997
0.0010140333324670792
0.0010087992995977402
0.0010080032516270876
0.001011161133646965
0.001010267180390656
0.0010131049202755094
0.0010099603096023202
0.0010103944223374128
0.0010094726458191872
0.0010081398067995906
0.0010114209726452827
0.0010122234234586358
0.0010115514742210507
0.0010112288873642683
0.0010120364604517817
0.0010091959265992045
0.0010077054612338543
0.0010115716140717268
0.0010107583366334438
0.0010109033901244402
0.0010120883816853166
0.0010126965353265405
0.0010104724206030369
0.001013915752992034
0.0010112531017512083
0.0010149083100259304
0.001011609099805355
0.001012804452329874
0.0010137154022231698
0.00101246009580791
0.0010109975701197982
0.001012341701425612
0.0010077221086248755
0.0010101195657625794
0.0010128025896847248
0.0010130549781024456
0.0010137376375496387
0.0010097434278577566
0.001010751468129456
0.0010130892042070627
0.0010138119105249643
0.0010113334283232689
0.0010110903531312943
0.0010114406468346715
0.0010131861781701446
0.0010113348253071308
0.001011546584777534
0.0010125278495252132
0.0010112585732713342
0.0010087515693157911
0.0010101540246978402
0.001011537155136466
0.0010112880263477564
0.0010161260142922401
0.0010139831574633718
0.0010107695125043392
0.0010136085329577327
0.0010110277216881514
0.0010121804662048817
0.0010135363554582
0.001011531800031662
0.0010129973525181413
0.001011914573609829
0.001008420716971159
0.001013071509078145
0.001011715386994183
0.001013399800285697
0.0010107493726536632
0.0010127860587090254
0.0010118510108441114
0.0010122524108737707
0.0010093802120536566
0.0010134679032489657
0.0010098854545503855
0.0010132478782907128
0.0010132945608347654
0.001008064136840403
0.001012685359455645
0.0010103450622409582
0.0010133953765034676
0.0010112427407875657
0.0010088174603879452
0.001010893378406763
0.001012008055113256
0.0010109520517289639
0.0010127258719876409
0.0010119574144482613
0.0010128393769264221
0.0010128830326721072
0.0010125396074727178
0.0010101881343871355
0.0010098665952682495
0.0010118550853803754
0.0010126697598025203
0.0010106276022270322
0.001010610838420689
0.0010135520715266466
0.0010125975823029876
0.0010125107364729047
0.0010148151777684689
0.0010137268109247088
0.001012969994917512
0.0010094678727909923
0.0010129379807040095
0.0010118267964571714
0.001011748448945582
0.0010109513532370329
0.0010099724167957902
0.0010128577705472708
0.0010088016279041767
0.001008909079246223
0.0010111674200743437
0.0010129830334335566
0.001011114800348878
0.0010099130449816585
0.001011363696306944
0.0010119274957105517
0.0010112326126545668
0.001010473701171577
0.001010586624033749
0.0010074721649289131
0.0010112944291904569
0.0010120399529114366
0.0010125674307346344
0.001010475680232048
0.0010107955895364285
0.0010103214299306273
0.001009816536679864
0.001012227381579578
0.0010144660482183099
0.0010121585801243782
0.0010096553014591336
0.0010097742779180408
0.0010116490302607417
0.0010119641665369272
0.0010118618374690413
0.0010080428328365088
0.0010099716018885374
0.0010097336489707232
0.0010108589194715023
0.0010117912897840142
0.0010127320419996977
0.0010119719663634896
0.0010095451725646853
0.0010106944246217608
0.0010132696479558945
0.0010101842926815152
0.0010126711567863822
0.0010143392719328403
0.0010135665070265532
0.0010139640653505921
0.0010142052778974175
0.0010118366917595267
0.00101339106913656
0.0010143548715859652
0.001010021660476923
0.0010128042194992304
0.0010134757030755281
0.0010103618260473013
0.0010106352856382728
0.0010130236623808742
0.0010111163137480617
0.001013732748106122
0.0010102371452376246
0.0010111111914739013
0.0010091140866279602
0.0010145750129595399
0.001012144610285759
0.0010122450767084956
0.0010078048799186945
0.0010116302873939276
0.001011864747852087
0.001010406413115561
0.0010128971189260483
0.0010077309561893344
0.00101348920725286
0.0010092474985867739
0.0010123003739863634
0.0010110640432685614
0.0010091251460835338
0.0010117461206391454
0.0010103363310918212
0.0010115874465554953
0.001012021442875266
0.001012663822621107
0.001009964500553906
0.0010070254793390632
0.0010129999136552215
0.0010123549727723002
0.0010135028278455138
0.0010153234470635653
0.0010104436660185456
0.0010129945585504174
0.001011457061395049
0.0010139408987015486
0.0010136489290744066
0.001012992113828659
0.0010117273777723312
0.0010101768421009183
0.0010084161767736077
0.0010125268017873168
0.0010120976949110627
0.0010113182943314314
0.001010644482448697
0.0010128080612048507
0.001009626779705286
0.0010096796322613955
0.0010120370425283909
0.001014550682157278
0.0010092578595504165
0.0010118235368281603
0.0010113471653312445
0.0010110578732565045
0.0010111188748851418
0.0010102157248184085
0.001010528882034123
0.0010145618580281734
0.0010126283159479499
0.0010100597282871604
0.0010103356325998902
0.0010104665998369455
0.001008672988973558
0.0010110813891515136
0.0010115794138982892
0.0010121985105797648
0.0010115300538018346
0.001009735744446516
0.0010083564557135105
0.0010099541395902634
0.0010097376070916653
0.0010131170274689794
0.0010114936158061028
0.0010104369139298797
0.0010134306503459811
0.001012902008369565
0.0010138620855286717
0.0010084344539791346
0.0010128146968781948
0.0010098678758367896
0.0010128025896847248
0.0010110933799296618
0.00101076764985919
0.0010070004500448704
0.0010089818388223648
0.0010128504363819957
0.001010341104120016
0.0010146277491003275
0.0010124149266630411
0.0010142165701836348
0.001010884065181017
0.0010123855900019407
0.00101099768653512
0.0010142027167603374
0.0010109973372891545
0.0010121965315192938
0.0010107134003192186
0.0010101855732500553
0.0010130350710824132
0.0010153354378417134
0.00101063575129956
0.0010081755463033915
0.0010129113215953112
0.0010121187660843134
0.0010141307720914483
0.0010127283167093992
0.0010137924691662192
0.0010107597336173058
0.0010126272682100534
0.0010092712473124266
0.0010144792031496763
0.001014704699628055
0.001012871041893959
0.0010109697468578815
0.0010112052550539374
0.0010118545033037663
0.0010123689426109195
0.0010116755729541183
0.0010134445037692785
0.0010122782550752163
0.0010133484611287713
0.001008586841635406
0.0010097341146320105
0.0010111321462318301
0.0010109529830515385
0.001010785112157464
0.0010094511089846492
0.0010112959425896406
0.0010078292107209563
0.0010138001525774598
0.0010128036374226213
0.0010089152492582798
0.0010132259922102094
0.0010114613687619567
0.001013208064250648
0.0010126043343916535
0.0010105617111548781
0.001011406653560698
0.0010098307393491268
0.0010123987449333072
0.0010091221192851663
0.0010125356493517756
0.001012063235975802
0.001011148327961564
0.0010122359963133931
0.0010105749825015664
0.0010099770734086633
0.0010107026901096106
0.0010130490409210324
0.0010118840727955103
0.0010145966662093997
0.001012702938169241
0.0010122287785634398
0.0010103058302775025
0.0010088563431054354
0.0010102001251652837
0.001012369990348816
0.0010109556606039405
0.001010795240290463
0.0010121349478140473
0.0010116246994584799
0.001010121195577085
0.0010117264464497566
0.0010083529632538557
0.0010109886061400175
0.0010133803589269519
0.0010084264213219285
0.0010126493871212006
0.001009631436318159
0.0010099824285134673
0.001011073007248342
0.0010138434590771794
0.001010473002679646
0.001012675347737968
0.001013601548038423
0.0010103482054546475
0.0010120737133547664
0.00101460050791502
0.0010116000194102526
0.0010137283243238926
0.0010121054947376251
0.0010108500719070435
0.001009507686831057
0.001010744832456112
0.0010122902458533645
0.0010112612508237362
0.001009888481348753
0.0010102587984874845
0.0010091180447489023
0.00101484137121588
0.001012955792248249
0.0010116208577528596
0.0010122020030394197
0.0010129680158570409
0.0010110406437888741
0.0010123352985829115
0.0010121379746124148
0.0010114263277500868
0.0010108851129189134
0.0010142333339899778
0.0010098841739818454
0.001010458217933774
0.0010114898905158043
0.0010123689426109195
0.0010126980487257242
0.0010118430946022272
0.0010126286651939154
0.0010101426159963012
0.0010130861774086952
0.0010122484527528286
0.0010122617240995169
0.0010136694181710482
0.0010089543648064137
0.0010120724327862263
0.0010109154973179102
0.0010112505406141281
0.001013147528283298
0.0010131672024726868
0.0010113150347024202
0.001008620485663414
0.0010101585648953915
0.0010117841884493828
0.0010096824262291193
0.0010112024610862136
0.0010119291255250573
0.0010118315694853663
0.0010117718484252691
0.001011381158605218
0.001011644140817225
0.0010124193504452705
0.0010102125816047192
0.0010136878117918968
0.0010092960437759757
0.001011227141134441
0.001010623062029481
0.0010106948902830482
0.0010090190917253494
0.001010993029922247
0.0010144261177629232
0.001010949956253171
0.0010120626538991928
0.0010137141216546297
0.0010087881237268448
0.0010082082590088248
0.0010135708143934608
0.0010151532478630543
0.0010138234356418252
0.0010140883969143033
0.0010117599740624428
0.001008225022815168
0.0010123883839696646
0.0010107761481776834
0.00100990803912282
0.001011864747852087
0.0010117983911186457
0.0010135811753571033
0.0010106696281582117
0.001011693268083036
0.0010129851289093494
0.0010115202749148011
0.0010107919806614518
0.0010121719678863883
0.0010127349523827434
0.0010124614927917719
0.0010106577537953854
0.0010103975655511022
0.0010122460080310702
0.0010125617263838649
0.0010119476355612278
0.001010820153169334
0.0010097746271640062
0.001013591536320746
0.0010103249223902822
0.0010084201348945498
0.0010093452874571085
0.0010114588076248765
0.0010118857026100159
0.0010111372685059905
0.001012051710858941
0.001010223524644971
0.0010138045763596892
0.0010095679899677634
0.001012947061099112
0.0010106861591339111
0.001010386273264885
0.0010112081654369831
0.001009761937893927
0.0010107902344316244
0.0010088699636980891
0.0010138050420209765
0.0010086679831147194
0.0010122618405148387
0.001010593492537737
0.001014212379232049
0.0010069034760817885
0.001009108847938478
0.0010121427476406097
0.0010120096849277616
0.0010126626584678888
0.001010596752166748
0.0010091793956235051
0.0010089465649798512
0.0010111166629940271
0.0010118146892637014
0.001011171843856573
0.0010112931486219168
0.0010122000239789486
0.0010107406415045261
0.0010114421602338552
0.001010112464427948
0.0010097231715917587
0.0010092291049659252
0.0010110309813171625
0.00101040571462363
0.001009879750199616
0.0010122248204424977
0.0010113072348758578
0.0010117781348526478
0.0010132761672139168
0.0010134625481441617
0.0010126715060323477
0.0010105675319209695
0.0010128591675311327
0.0010112907039001584
0.0010101028019562364
0.0010116077028214931
0.0010113694006577134
0.00101022282615304
0.0010114320321008563
0.0010108891874551773
0.0010133684845641255
0.0010103582171723247
0.001012844848446548
0.0010106933768838644
0.0010143039980903268
0.001012856955640018
0.0010119087528437376
0.0010096585610881448
0.001012402935884893
0.0010123326210305095
0.001011475338600576
0.0010102711385115981
0.0010114297037944198
0.0010097400518134236
0.0010094215394929051
0.0010107423877343535
0.0010103981476277113
0.001008862629532814
0.001011240528896451
0.0010124125983566046
0.001010468928143382
0.001012923545204103
0.001012794324196875
0.0010121694067493081
0.0010105151450261474
0.00101042992901057
0.0010134150506928563
0.0010118985082954168
0.0010127241257578135
0.0010106676490977407
0.001012782915495336
0.0010094409808516502
0.0010121753439307213
0.001009675208479166
0.001009653671644628
0.0010098784696310759
0.001011815038509667
0.001011453801766038
0.001011811662465334
0.0010120498482137918
0.0010096083860844374
0.001009268336929381
0.0010139552177861333
0.0010099058272317052
0.0010104456450790167
0.00101428700145334
0.0010140992235392332
0.0010113742901012301
0.001013119239360094
0.0010117662604898214
0.0010101479711011052
0.0010140627855435014
0.0010078350314870477
0.0010120864026248455
0.0010126399574801326
0.0010106484405696392
0.001010604784823954
0.0010107142152264714
0.0010141314705833793
0.0010123520623892546
0.0010128370486199856
0.0010108508868142962
0.001012688037008047
0.0010112676536664367
0.0010127745335921645
0.0010129475267603993
0.0010106847621500492
0.0010102496016770601
0.0010102553060278296
0.0010135291377082467
0.0010116605553776026
0.0010112003656104207
0.0010122716194018722
0.0010101429652422667
0.0010116499615833163
0.001009562867693603
0.0010120862862095237
0.0010126099223271012
0.0010142704704776406
0.0010117165511474013
0.0010115081677213311
0.0010139263467863202
0.0010119904763996601
0.0010100266663357615
0.0010096741607412696
0.0010126600973308086
0.0010122074745595455
0.001011199434287846
0.001009712927043438
0.001010153442621231
0.0010106274858117104
0.0010128517169505358
0.001011631335131824
0.0010145405540242791
0.0010073937010020018
0.0010083486558869481
0.0010102879023179412
0.0010133979376405478
0.001011657528579235
0.0010137612698599696
0.0010108111891895533
0.0010136631317436695
0.001009863568469882
0.0010139824589714408
0.0010119271464645863
0.0010090117575600743
0.0010099910432472825
0.0010133874602615833
0.0010131490416824818
0.0010154676856473088
0.0010128498543053865
0.001008627819828689
0.001011225045658648
0.0010098349303007126
0.00100819137878716
0.0010083633242174983
0.0010090573923662305
0.0010094764875248075
0.0010107035050168633
0.0010140370577573776
0.0010129944421350956
0.0010113985044881701
0.0010119385551661253
0.0010116404155269265
0.0010125349508598447
0.0010113338939845562
0.0010092760203406215
0.0010127340210601687
0.0010107338894158602
0.0010102412197738886
0.0010107432026416063
0.0010112393647432327
0.0010097213089466095
0.0010110726580023766
0.0010088797425851226
0.001012707594782114
0.0010121709201484919
0.0010135081829503179
0.0010129620786756277
0.0010130242444574833
0.001013496657833457
0.001008867402561009
0.0010098681086674333
0.0010082052322104573
0.0010129361180588603
0.0010081370128318667
0.0010110182920470834
0.00101000745780766
0.0010124052641913295
0.0010158504592254758
0.0010090202558785677
0.0010125677799805999
0.0010120758088305593
0.0010147064458578825
0.0010115662589669228
0.0010086407419294119
0.0010121229570358992
0.0010096023324877024
0.0010107738198712468
0.0010128890862688422
0.0010128719732165337
0.0010134042240679264
0.0010114602046087384
0.0010113157331943512
0.001009082654491067
0.0010114536853507161
0.0010127308778464794
0.0010146403219550848
0.0010123649844899774
0.0010104406392201781
0.0010135798947885633
0.0010121873347088695
0.0010080053471028805
0.001010551699437201
0.0010123305255547166
0.0010110771981999278
0.0010127784917131066
0.0010128117864951491
0.0010107707930728793
0.0010139001533389091
0.0010110727744176984
0.001011543907225132
0.0010139629011973739
0.0010097220074385405
0.0010122235398739576
0.0010111008305102587
0.0010106543777510524
0.0010113836033269763
0.0010122135281562805
0.0010128736030310392
0.0010132384486496449
0.001011872780509293
0.001008979044854641
0.0010133010800927877
0.0010125741828233004
0.0010090115247294307
0.0010110136354342103
0.001013007014989853
0.0010123640531674027
0.0010145429987460375
0.0010079840430989861
0.0010124320397153497
0.0010087699629366398
0.0010119786020368338
0.0010121091036126018
0.0010139270452782512
0.0010109591530635953
0.001011959626339376
0.0010110082803294063
0.0010117844212800264
0.0010108948918059468
0.001012060442008078
0.0010112684685736895
0.0010130754671990871
0.0010123405372723937
0.0010114776669070125
0.001009709550999105
0.0010133151663467288
0.00101333181373775
0.0010118212085217237
0.0010093067539855838
0.0010091325966641307
0.001011023996397853
0.0010142975952476263
0.0010113376192748547
0.001014362438581884
0.0010127980494871736
0.0010127786081284285
0.0010092169977724552
0.0010094057070091367
0.0010136165656149387
0.001011854037642479
0.001009595231153071
0.0010118747595697641
0.0010113106109201908
0.0010089229326695204
0.0010113787138834596
0.00100886938162148
0.0010141986422240734
0.001013037865050137
0.0010099569335579872
0.0010108377318829298
0.001011980464681983
0.0010116514749825
0.0010139320511370897
0.0010159957455471158
0.0010114795295521617
0.0010126788401976228
0.0010113654425367713
0.0010092677548527718
0.0010106414556503296
0.0010141996899619699
0.0010093149030581117
0.0010101648513227701
0.0010120313381776214
0.0010121070081368089
0.0010117226047441363
0.0010123937390744686
0.0010121242376044393
0.001012166845612228
0.0010126886190846562
0.001012433785945177
0.0010093128075823188
0.0010112265590578318
0.0010162480175495148
0.001009550178423524
0.0010093239834532142
0.0010099306236952543
0.0010124101536348462
0.001010645879432559
0.0010097967460751534
0.0010100611252710223
0.001011103275232017
0.001010395586490631
0.0010089128045365214
0.0010100952349603176
0.0010114246979355812
0.0010119933867827058
0.0010113120079040527
0.0010082806693390012
0.0010110094444826245
0.0010099424980580807
0.0010123675456270576
0.0010113882599398494
0.0010104337707161903
0.0010104842949658632
0.0010110153816640377
0.0010109532158821821
0.0010118840727955103
0.0010093862656503916
0.001009780215099454
0.001011384534649551
0.0010089678689837456
0.001013957429677248
0.0010109314462170005
0.001012091408483684
0.0010092305019497871
0.0010127087589353323
0.0010108072310686111
0.001009008614346385
0.0010130434529855847
0.0010113312164321542
0.0010122648673132062
0.001012018066830933
0.0010143255349248648
0.0010140901431441307
0.0010093627497553825
0.0010131483431905508
0.0010126614943146706
0.001013040542602539
0.001010693609714508
0.001012166845612228
0.0010110927978530526
0.0010133873438462615
0.0010120399529114366
0.0010140466038137674
0.0010105432011187077
0.0010146532440558076
0.0010135963093489408
0.0010117345955222845
0.0010135609190911055
0.0010119039798155427
0.0010103345848619938
0.0010116234188899398
0.0010108720744028687
0.0010124865220859647
0.0010104657849296927
0.0010111170122399926
0.0010090330615639687
0.0010105968685820699
0.001012542750686407
0.001010699081234634
0.0010086634429171681
0.0010123448446393013
0.0010091939475387335
0.001011147047393024
0.001015629735775292
0.0010084380628541112
0.0010088797425851226
0.001012864406220615
0.0010097007034346461
0.0010133631294593215
0.0010125949047505856
0.0010123987449333072
0.001013675588183105
0.0010125448461622
0.0010098122293129563
0.0010105583351105452
0.0010113666066899896
0.0010113464668393135
0.0010124110849574208
0.0010112433228641748
0.0010123716201633215
0.0010111699812114239
0.0010092846350744367
0.0010101712541654706
0.001011177897453308
0.0010125507833436131
0.0010083807865157723
0.001011938089504838
0.0010099421488121152
0.0010099168866872787
0.0010128171415999532
0.0010114009492099285
0.001011449727229774
0.0010120266815647483
0.0010134916519746184
0.001009541330859065
0.0010126293636858463
0.0010104621760547161
0.001012922148220241
0.0010111433221027255
0.0010124596301466227
0.0010110886069014668
0.0010105464607477188
0.001010865904390812
0.001008491381071508
0.0010135744232684374
0.001012199791148305
0.0010104053653776646
0.0010104523971676826
0.0010141958482563496
0.0010128431022167206
0.001010216074064374
0.0010129236616194248
0.0010109235299751163
0.0010107469279319048
0.001010680221952498
0.0010096057085320354
0.0010123798856511712
0.0010127451969310641
0.0010132535826414824
0.001009338884614408
0.0010119570652022958
0.0010129364673048258
0.001011726795695722
0.0010118845384567976
0.0010116384364664555
0.0010154946940019727
0.0010138051584362984
0.0010100597282871604
0.0010086852125823498
0.0010113902390003204
0.001011208863928914
0.0010090694995597005
0.001012439955957234
0.0010085605317726731
0.0010094443568959832
0.0010097493650391698
0.0010130327427759767
0.0010118206264451146
0.0010116095654666424
0.0010114316828548908
0.0010122163221240044
0.0010119330836459994
0.0010078061604872346
0.0010133176110684872
0.0010107636917382479
0.0010118386708199978
0.0010129037545993924
0.0010106931440532207
0.00101021199952811
0.0010132158640772104
0.001013532280921936
0.0010116121266037226
0.0010086629772558808
0.0010123729007318616
0.0010100867366418242
0.0010100742802023888
0.0010077120969071984
0.0010100946528837085
0.0010098121128976345
0.0010111643932759762
0.001011319924145937
0.0010113874450325966
0.0010133893229067326
0.0010093606542795897
0.001009993371553719
0.00101267930585891
0.0010101813822984695
0.001010424573905766
0.0010129889706149697
0.0010105889523401856
0.0010134045733138919
0.0010103778913617134
0.0010128736030310392
0.0010106180561706424
0.00101346499286592
0.0010115669574588537
0.0010125113185495138
0.0010104757966473699
0.0010133564937859774
0.0010135931661352515
0.0010116326157003641
0.0010109328432008624
0.0010114762699231505
0.0010093904566019773
0.0010137318167835474
0.0010113659081980586
0.0010123359970748425
0.0010078020859509706
0.0010113960597664118
0.0010124179534614086
0.001012150663882494
0.001013146131299436
0.0010120674269273877
0.001013592234812677
0.0010120730148628354
0.0010137830395251513
0.0010085920803248882
0.0010117400670424104
0.001013644621707499
0.0010109302820637822
0.0010088805574923754
0.0010111955925822258
0.0010116342455148697
0.0010104364482685924
0.001013840432278812
0.0010114067699760199
0.001014401321299374
0.001013253815472126
0.0010113759199157357
0.0010121996747329831
0.001010472304187715
0.001008882187306881
0.0010083038359880447
0.0010112456511706114
0.001009554835036397
0.0010148539440706372
0.0010118382051587105
0.001012471504509449
0.0010123982792720199
0.0010105307446792722
0.001011074986308813
0.0010118935024365783
0.001009418279863894
0.0010108848800882697
0.0010120415827259421
0.001011363696306944
0.0010115483310073614
0.0010107147973030806
0.0010130114387720823
0.0010124754626303911
0.0010143826948478818
0.0010123555548489094
0.001011392567306757
0.0010121745290234685
0.0010121408849954605
0.0010092121083289385
0.0010127007262781262
0.0010149211157113314
0.001013606903143227
0.0010116862831637263
0.0010100244544446468
0.0010131351882591844
0.0010131212184205651
0.0010113052558153868
0.0010102026863023639
0.001011140993796289
0.0010080216452479362
0.0010118662612512708
0.0010128563735634089
0.0010097224730998278
0.0010119472863152623
0.0010132479947060347
0.0010129868751391768
0.0010100249201059341
0.0010126862907782197
0.001010335166938603
0.0010110833682119846
0.0010116018820554018
0.001012102933600545
0.0010101344669237733
0.0010114824399352074
0.001013201312161982
0.0010122314561158419
0.0010140083031728864
0.001012579188682139
0.001007930259220302
0.0010088571580126882
0.001012721098959446
0.0010103386593982577
0.0010083150118589401
0.0010134082986041903
0.001010667416267097
0.0010146870044991374
0.0010107852285727859
0.0010113005992025137
0.001010771724395454
0.0010127575369551778
0.0010095664765685797
0.0010091715957969427
0.0010130727896466851
0.0010143652325496078
0.0010112604359164834
0.0010102366795763373
0.001007939805276692
0.0010099021019414067
0.0010127269197255373
0.0010128897847607732
0.0010089811403304338
0.0010110917501151562
0.0010093851014971733
0.0010110214352607727
0.0010081665823236108
0.0010152743197977543
0.0010123864049091935
0.0010123202810063958
0.0010103672975674272
0.001011709333397448
0.0010113089811056852
0.0010112759191542864
0.0010142857208848
0.0010114365722984076
0.0010112023446708918
0.0010100416839122772
0.0010087278205901384
0.0010138374054804444
0.0010114406468346715
0.001014268258586526
0.0010118769714608788
0.0010152490576729178
0.001011513639241457
0.0010099729988723993
0.0010099879000335932
0.0010118258651345968
0.0010132786119356751
0.001014139037579298
0.0010126502020284534
0.0010130521841347218
0.0010115834884345531
0.0010104132816195488
0.0010134812910109758
0.0010115309851244092
0.001013216213323176
0.0010122309904545546
0.001011902466416359
0.0010123321553692222
0.0010132064344361424
0.0010109525173902512
0.0010090688010677695
0.0010126077104359865
0.0010128727881237864
0.0010108089772984385
0.0010122200474143028
0.0010120911756530404
0.00101134751457721
0.001008890918456018
0.0010110955918207765
0.0010139646474272013
0.0010129234287887812
0.0010099208448082209
0.0010144076077267528
0.0010106891859322786
0.0010115556651726365
0.0010119375074282289
0.0010109406430274248
0.0010124800028279424
0.0010130142327398062
0.001011586282402277
0.0010137856006622314
0.001011596410535276
0.0010148052824661136
0.0010117858182638884
0.0010143801337108016
0.0010117606725543737
0.001009482890367508
0.0010129534639418125
0.0010119702201336622
0.001013646018691361
0.0010106599656865
0.00101408117916435
0.00101173366419971
0.0010120010701939464
0.0010080478386953473
0.0010120704537257552
0.0010148778092116117
0.0010119803482666612
0.001010827487334609
0.0010105948895215988
0.0010122137609869242
0.0010101160733029246
0.001009952393360436
0.001013193977996707
0.001011467189528048
0.0010136179625988007
0.001011278131045401
0.0010116099147126079
0.0010112065356224775
0.0010115958284586668
0.0010103066451847553
0.0010122591629624367
0.0010091562289744616
0.0010102870874106884
0.0010114999022334814
0.0010139563819393516
0.0010129278525710106
0.0010089214192703366
0.0010129532311111689
0.0010115241166204214
0.0010100280633196235
0.001013582805171609
0.001012603286653757
0.0010087564587593079
0.0010124980472028255
0.001009513856843114
0.0010131928138434887
0.0010122738312929869
0.0010141683742403984
0.001012528082355857
0.0010136980563402176
0.001011275453492999
0.0010138977086171508
0.0010107922134920955
0.0010122754611074924
0.0010102728847414255
0.0010122149251401424
0.0010128451976925135
0.0010133826872333884
0.0010087398113682866
0.0010111250448971987
0.0010107264388352633
0.0010098536731675267
0.0010098482016474009
0.0010097144404426217
0.0010079743806272745
0.0010102593805640936
0.0010089472634717822
0.0010115414625033736
0.0010110955918207765
0.0010108439018949866
0.0010109036229550838
0.001008570659905672
0.001014702138490975
0.0010090958094224334
0.0010121617233380675
0.0010124094551429152
0.0010089504066854715
0.0010112669551745057
0.00101323367562145
0.0010095350444316864
0.001011465908959508
0.001010994310490787
0.0010113813914358616
0.0010113497264683247
0.001011591637507081
0.0010101787047460675
0.0010085237445309758
0.001008085091598332
0.0010087081464007497
0.0010123447282239795
0.001010541687719524
0.0010120467050001025
0.0010098058264702559
0.0010111309820786119
0.0010086611146107316
0.0010128493886440992
0.001012646360322833
0.0010084527311846614
0.0010102723026648164
0.0010116909397765994
0.0010134296026080847
0.001009692088700831
0.0010119942016899586
0.001010561129078269
0.0010130320442840457
0.0010152410250157118
0.0010095479665324092
0.0010120371589437127
0.0010116433259099722
0.0010129542788490653
0.001012256252579391
0.0010089523857459426
0.001012766151688993
0.0010124079417437315
0.0010126829147338867
0.0010107785928994417
0.0010092637967318296
0.001010839594528079
0.0010120354127138853
0.0010116705670952797
0.0010122046805918217
0.0010136137716472149
0.0010108352871611714
0.001007696962915361
0.0010108503047376871
0.001012090127915144
0.0010108092101290822
0.0010117775527760386
0.00101019989233464
0.0010109888389706612
0.0010112194577232003
0.00100999407004565
0.0010109225986525416
0.001010084175504744
0.0010124947875738144
0.0010121010709553957
0.0010121732484549284
0.001010252977721393
0.0010098578641191125
0.0010107571724802256
0.001013773842714727
0.00101197580806911
0.0010121477534994483
0.0010131954913958907
0.001014213776215911
0.00101254612673074
0.0010138308862224221
0.0010084199020639062
0.0010129900183528662
0.0010119567159563303
0.0010105392429977655
0.0010131187736988068
0.0010090696159750223
0.0010096244513988495
0.0010113889584317803
0.0010106760310009122
0.001011858694255352
0.001009271014481783
0.001011390588246286
0.0010133363539353013
0.0010109309805557132
0.0010136341443285346
0.0010122436797246337
0.0010124689433723688
0.0010126222623512149
0.001011578249745071
0.001012663822621107
0.0010124053806066513
0.0010130819864571095
0.0010087332921102643
0.001013169065117836
0.0010114674223586917
0.001010966021567583
0.0010100906947627664
0.0010105269029736519
0.0010110522853210568
0.001011657528579235
0.0010120040969923139
0.0010093968594446778
0.001013319008052349
0.001013473724015057
0.0010108022252097726
0.0010109379654750228
0.0010126859415322542
0.0010116668418049812
0.0010119336657226086
0.0010120441438630223
0.00101220712531358
0.001010881969705224
0.001012063235975802
0.0010114723118022084
0.0010119096841663122
0.0010149470763280988
0.0010090022115036845
0.0010118569480255246
0.001010259729810059
0.0010103164240717888
0.0010121527593582869
0.001011885586194694
0.0010118617210537195
0.0010125231929123402
0.0010129963047802448
0.0010097394697368145
0.0010119570652022958
0.0010083940578624606
0.001010651234537363
0.0010127568384632468
0.0010097699705511332
0.0010110369184985757
0.0010098433122038841
0.0010094818426296115
0.0010134212207049131
0.001012184307910502
0.0010116766206920147
0.0010116256307810545
0.0010109971044585109
0.0010107923299074173
0.0010110591538250446
0.0010084607638418674
0.001010195817798376
0.0010085196699947119
0.0010133350733667612
0.001012028194963932
0.0010100429644808173
0.0010083182714879513
0.001011381158605218
0.0010111220180988312
0.001012527383863926
0.0010097702033817768
0.0010103137465193868
0.0010117944329977036
0.001012728433124721
0.0010121631203219295
0.0010145443957298994
0.0010128230787813663
0.0010107142152264714
0.0010125862900167704
0.0010121352970600128
0.001011518994346261
0.00100999535061419
0.0010087728733196855
0.001011432963423431
0.001014431705698371
0.0010108930291607976
0.0010117245838046074
0.0010118040954694152
0.0010127013083547354
0.0010097501799464226
0.0010096796322613955
0.0010106805711984634
0.001013134722597897
0.0010158404475077987
0.0010109058348461986
0.001011760556139052
0.0010135051561519504
0.0010118808131664991
0.0010113746393471956
0.0010114972246810794
0.0010127815185114741
0.0010134875774383545
0.0010140604572370648
0.0010123131796717644
0.0010113907046616077
0.0010114273754879832
0.0010097642662003636
0.0010098392376676202
0.0010131805902346969
0.0010106272529810667
0.001011593034490943
0.0010095260804519057
0.001009428291581571
0.0010089424904435873
0.0010095633333548903
0.0010112457675859332
0.0010147948050871491
0.001009401516057551
0.0010123808169737458
0.0010123953688889742
0.0010125980479642749
0.0010075895115733147
0.0010115987388417125
0.0010098365601152182
0.001009539351798594
0.0010107988491654396
0.001014593755826354
0.0010110161965712905
0.0010090465657413006
0.0010096813784912229
0.001013709232211113
0.001013121334835887
0.001010224805213511
0.0010091171134263277
0.0010101543739438057
0.0010111883748322725
0.0010108082788065076
0.001013828907161951
0.0010130683658644557
0.0010101362131536007
0.0010139364749193192
0.0010113167809322476
0.0010122157400473952
0.0010082680964842439
0.0010111138690263033
0.001010031788609922
0.0010114345932379365
0.001009936211630702
0.001011704676784575
0.0010142590617761016
0.0010113419266417623
0.0010113157331943512
0.0010112253949046135
0.0010087622795253992
0.0010131015442311764
0.0010103876702487469
0.0010105029214173555
0.0010137706995010376
0.0010126789566129446
0.001010890700854361
0.0010113246971741319
0.0010112938471138477
0.0010101570514962077
0.0010141386883333325
0.0010133181931450963
0.0010129055008292198
0.0010107049020007253
0.001010637148283422
0.0010115798795595765
0.0010108426213264465
0.0010139239020645618
0.0010113209718838334
0.0010099939536303282
0.0010105130495503545
0.0010117617202922702
0.0010117997881025076
0.0010102646192535758
0.0010135116754099727
0.001010740757919848
0.0010118219070136547
0.0010113167809322476
0.001007844926789403
0.0010103791719302535
0.0010131412418559194
0.0010078984778374434
0.001012376043945551
0.0010112952440977097
0.001010968699119985
0.0010135126067325473
0.0010119907092303038
0.0010137098142877221
0.00101057393476367
0.001009291154332459
0.0010123702231794596
0.0010126129491254687
0.0010120579972863197
0.00101149408146739
0.0010109259746968746
0.00101415382232517
0.0010132287861779332
0.0010135599877685308
0.0010108755668625236
0.0010083437664434314
0.0010108704445883632
0.0010121181840077043
0.0010105505352839828
0.0010128511348739266
0.0010087741538882256
0.0010119590442627668
0.0010103891836479306
0.0010092896409332752
0.001014219713397324
0.0010121057275682688
0.0010148431174457073
0.0010120549704879522
0.0010144339175894856
0.0010116136400029063
0.0010116935009136796
0.0010089506395161152
0.0010094901081174612
0.0010096972109749913
0.0010109315626323223
0.0010113768512383103
0.001014589099213481
0.0010094636818394065
0.0010099911596626043
0.001009040279313922
0.001011636108160019
0.0010130866430699825
0.0010108668357133865
0.001012548222206533
0.0010138030629605055
0.0010131730232387781
0.0010132298339158297
0.0010131431045010686
0.0010103528620675206
0.0010118483332917094
0.0010125224944204092
0.0010101748630404472
0.0010111965239048004
0.0010104408720508218
0.001012203749269247
0.0010127273853868246
0.0010132917668670416
0.0010128982830792665
0.0010108384303748608
0.0010112449526786804
0.0010112043237313628
0.00100994564127177
0.0010133142350241542
0.0010113220196217299
0.001011121436022222
0.0010138910729438066
0.0010130685986950994
0.0010114440228790045
0.001011354150250554
0.001010423875413835
0.0010089987190440297
0.0010106306290253997
0.001010626438073814
0.0010115294717252254
0.0010103420354425907
0.0010115103796124458
0.0010091847507283092
0.0010099653154611588
0.001010366016998887
0.0010099572828039527
0.0010099813807755709
0.0010136155178770423
0.0010106159606948495
0.0010116262128576636
0.0010117159690707922
0.0010118690552189946
0.0010139886289834976
0.0010145882843062282
0.0010098149068653584
0.0010110842995345592
0.0010127747664228082
0.0010143517283722758
0.0010119132930412889
0.001009813859127462
0.0010136559139937162
0.00101191783323884
0.0010122127132490277
0.0010088186245411634
0.0010123878018930554
0.0010099114151671529
0.0010119994403794408
0.0010110646253451705
0.0010107490234076977
0.0010132263414561749
0.0010083011584356427
0.0010127867572009563
0.0010118895443156362
0.0010115749901160598
0.0010121951345354319
0.0010116619523614645
0.0010107712587341666
0.0010104015236720443
0.0010107130510732532
0.0010105667170137167
0.0010126455454155803
0.0010119110811501741
0.0010091100120916963
0.0010106582194566727
0.0010096204932779074
0.001008759019896388
0.0010123520623892546
0.001012588618323207
0.0010129273869097233
0.001011149724945426
0.001010780455544591
0.001009397441521287
0.0010121194645762444
0.0010122810490429401
0.0010092533193528652
0.0010133030591532588
0.0010088831186294556
0.0010112420422956347
0.0010100078070536256
0.0010127346031367779
0.0010134000331163406
0.0010113534517586231
0.001011761138215661
0.0010109677677974105
0.0010113634634763002
0.0010143675608560443
0.0010100590297952294
0.0010080731008201838
0.0010107291163876653
0.0010103321401402354
0.0010149453300982714
0.0010118799982592463
0.0010138791985809803
0.0010104537941515446
0.001009240630082786
0.001009670551866293
0.0010117216734215617
0.0010110847651958466
0.0010113712633028626
0.0010105769615620375
0.0010126318084076047
0.0010107915150001645
0.0010121153900399804
0.0010139680234715343
0.0010082586668431759
0.0010114848846569657
0.0010093094315379858
0.0010119969956576824
0.001010908861644566
0.0010120394872501493
0.001012065215036273
0.0010115319164469838
0.0010125467088073492
0.0010118272621184587
0.0010118650970980525
0.001014207606203854
0.001011719461530447
0.0010123266838490963
0.001012505148537457
0.0010100624058395624
0.001013403874821961
0.0010132280876860023
0.001010396401397884
0.0010102097876369953
0.0010138499783352017
0.001014434965327382
0.0010105473920702934
0.0010096183978021145
0.0010100564686581492
0.00101072050165385
0.0010118366917595267
0.0010122564854100347
0.0010108953574672341
0.0010105122346431017
0.0010124220279976726
0.0010140088852494955
0.001011451007798314
0.0010098721832036972
0.0010130064329132438
0.0010119039798155427
0.001014477456919849
0.0010131115559488535
0.0010143897961825132
0.0010126010747626424
0.0010116050252690911
0.0010089585557579994
0.0010098255006596446
0.0010111831361427903
0.0010109520517289639
0.0010110954754054546
0.001011275569908321
0.001009987317956984
0.0010105842957273126
0.0010077254846692085
0.0010112462332472205
0.0010129099246114492
0.0010122520616278052
0.0010146248387172818
0.0010109053691849113
0.0010142368264496326
0.001014217035844922
0.001011983840726316
0.0010115273762494326
0.0010131397284567356
0.0010117918718606234
0.0010091728763654828
0.00101099768653512
0.0010150340385735035
0.0010096206096932292
0.001009578350931406
0.0010113009484484792
0.001010555075481534
0.0010077441111207008
0.0010121470550075173
0.0010125541593879461
0.0010100756771862507
0.0010129202855750918
0.0010109193390235305
0.0010136485798284411
0.001011472544632852
0.0010128072462975979
0.001014616689644754
0.0010099968640133739
0.0010118859354406595
0.001013154978863895
0.0010152253089472651
0.001011360320262611
0.0010118704522028565
0.0010125706903636456
0.0010101974476128817
0.0010119077051058412
0.0010106750996783376
0.0010125727858394384
0.0010098755592480302
0.00101172411814332
0.0010121288942173123
0.0010122618405148387
0.0010129071306437254
0.001010423176921904
0.00101357395760715
0.0010129045695066452
0.001013785949908197
0.0010129776783287525
0.0010144575498998165
0.0010135745396837592
0.0010132835013791919
0.0010119049111381173
0.0010123330866917968
0.0010116246994584799
0.0010104546090587974
0.0010135819902643561
0.0010110621806234121
0.001014611218124628
0.0010092762531712651
0.0010099437786266208
0.0010088925482705235
0.0010135233169421554
0.00101155461743474
0.0010131153976544738
0.0010127517161890864
0.0010122330859303474
0.0010119435610249639
0.0010123220272362232
0.0010108556598424911
0.0010140513768419623
0.0010112967574968934
0.001008343300782144
0.001010421197861433
0.0010145868873223662
0.0010132869938388467
0.0010122200474143028
0.0010087345726788044
0.0010095371399074793
0.0010113826720044017
0.001012222608551383
0.0010117240017279983
0.001011137617751956
0.0010151681490242481
0.001007774961180985
0.0010113581083714962
0.0010138241341337562
0.001012824708595872
0.0010109725408256054
0.0010123886168003082
0.001009564264677465
0.0010105760302394629
0.0010072530712932348
0.0010119883809238672
0.0010118618374690413
0.0010126743000000715
0.0010096586775034666
0.0010074828751385212
0.0010125677799805999
0.0010095973266288638
0.0010102030355483294
0.0010128653375431895
0.0010123057290911674
0.0010114130564033985
0.001012271735817194
0.0010087060509249568
0.001008052029646933
0.0010096371406689286
0.001014161971397698
0.0010102406376972795
0.0010157719952985644
0.0010136667406186461
0.0010109369177371264
0.0010128901340067387
0.0010089866118505597
0.0010107223642989993
0.0010110774310305715
0.0010136733762919903
0.0010099302744492888
0.0010122315725311637
0.0010138037614524364
0.001013084314763546
0.00100984750315547
0.0010119533399119973
0.0010088201379403472
0.0010122591629624367
0.0010140183148905635
0.00100943841971457
0.0010119107319042087
0.0010119159705936909
0.001009428990073502
0.0010084828827530146
0.0010106824338436127
0.0010134275071322918
0.0010138103971257806
0.0010111841838806868
0.0010115854674950242
0.0010121703380718827
0.0010093188611790538
0.0010102912783622742
0.0010112649761140347
0.0010126049164682627
0.0010129549773409963
0.0010085083777084947
0.0010124838445335627
0.0010126237757503986
0.0010110285365954041
0.0010092651937156916
0.0010127925779670477
0.0010141798993572593
0.001010313630104065
0.0010125520639121532
0.001013275352306664
0.0010085867252200842
0.0010121652157977223
0.0010095633333548903
0.0010098570492118597
0.0010090594878420234
0.0010107328416779637
0.001012811902910471
0.001013662782497704
0.0010128723224624991
0.0010118288919329643
0.0010112687014043331
0.0010134554468095303
0.00100989721249789
0.0010118762729689479
0.001012002700008452
0.0010090057039633393
0.0010106005938723683
0.0010122137609869242
0.001012224005535245
0.001010800595395267
0.0010136053897440434
0.0010126304114237428
0.0010118280770257115
0.0010130566079169512
0.0010103753302246332
0.0010101256193593144
0.0010118936188519
0.001012142514809966
0.0010111266747117043
0.0010136216878890991
0.0010098995408043265
0.0010103110689669847
0.001012124354019761
0.0010089484276250005
0.0010137999197468162
0.0010119244689121842
0.0010109739378094673
0.0010117681231349707
0.0010139313526451588
0.0010129447327926755
0.001011555315926671
0.0010109220165759325
0.0010123266838490963
0.0010105986148118973
0.0010096499463543296
0.0010119504295289516
0.0010126468259841204
0.0010120510123670101
0.001012336229905486
0.00101162726059556
0.0010093151358887553
0.001015078043565154
0.0010116196935996413
0.0010082670487463474
0.0010099592618644238
0.0010115510085597634
0.0010119902435690165
0.001014274195767939
0.001012718304991722
0.001012654509395361
0.001012476161122322
0.0010133699979633093
0.0010106557747349143
0.0010122822131961584
0.001010884647257626
0.001011227141134441
0.0010118004865944386
0.0010101636871695518
0.0010110061848536134
0.0010103071108460426
0.0010114565957337618
0.0010121013037860394
0.001012448570691049
0.0010090445866808295
0.0010103643871843815
0.0010114628821611404
0.0010137311182916164
0.0010128739522770047
0.0010082516819238663
0.0010120229562744498
0.0010096377227455378
0.0010134363546967506
0.0010130578884854913
0.0010118155041709542
0.001014377223327756
0.0010121617233380675
0.001009178813546896
0.0010092544835060835
0.0010100913932546973
0.0010101187508553267
0.0010096963960677385
0.0010108385467901826
0.0010120971128344536
0.0010123907122761011
0.001014909241348505
0.0010112632298842072
0.0010129379807040095
0.0010099096689373255
0.0010128546273335814
0.0010118676582351327
0.0010114334290847182
0.0010091910371556878
0.0010148214641958475
0.0010089896386489272
0.0010107463458552957
0.0010131734889000654
0.0010117727797478437
0.0010126843117177486
0.0010129300644621253
0.0010103244567289948
0.0010126366978511214
0.0010103408712893724
0.0010126428678631783
0.0010127366986125708
0.0010112260933965445
0.0010101401712745428
0.001009947038255632
0.0010142428800463676
0.0010094286408275366
0.0010129594011232257
0.0010120748775079846
0.001011481392197311
0.0010087875416502357
0.0010094154858961701
0.001012003282085061
0.0010108021087944508
0.001009681960567832
0.0010114263277500868
0.001012663939036429
0.001009143772535026
0.0010113418102264404
0.0010118377394974232
0.0010133684845641255
0.0010093434248119593
0.0010134801268577576
0.0010105692781507969
0.0010118493810296059
0.001010232139378786
0.0010090352734550834
0.0010113364551216364
0.0010098739294335246
0.0010103060631081462
0.0010109443683177233
0.001011558691971004
0.0010080690262839198
0.001009569619782269
0.0010121514787897468
0.0010107322596013546
0.0010070741409435868
0.0010089861461892724
0.0010096634505316615
0.0010085055837407708
0.0010126802371814847
0.0010137129575014114
0.0010107917478308082
0.001011958229355514
0.0010125812841579318
0.0010110471630468965
0.0010100851068273187
0.0010120990918949246
0.0010112153831869364
0.0010153651237487793
0.0010139256482943892
0.0010126036358997226
0.0010119485668838024
0.0010100839426741004
0.0010112953605130315
0.0010107491398230195
0.0010146298445761204
0.0010122773237526417
0.0010126573033630848
0.0010114724282175303
0.00101285963319242
0.0010119552025571465
0.0010117234196513891
0.0010126212146133184
0.0010113321477547288
0.0010149757144972682
0.0010108384303748608
0.0010146627901121974
0.0010142058599740267
0.0010114258620887995
0.0010129752336069942
0.0010096827754750848
0.0010087824193760753
0.0010116655612364411
0.0010111407609656453
0.0010127873392775655
0.001009627478197217
0.0010124713880941272
0.0010125068947672844
0.001011664280667901
0.0010121975792571902
0.0010155066847801208
0.0010127073619514704
0.0010121463565155864
0.0010093569289892912
0.0010107433190569282
0.0010105615947395563
0.0010136200580745935
0.0010096501791849732
0.001010611653327942
0.0010097143240272999
0.0010133226169273257
0.0010135165648534894
0.0010129997972398996
0.001010639825835824
0.0010111454175785184
0.001008946681395173
0.0010130435694009066
0.001010766951367259
0.001012801076285541
0.0010096024489030242
0.0010092937154695392
0.0010088528506457806
0.0010134046897292137
0.0010131068993359804
0.0010108600836247206
0.00100984878372401
0.001010119915008545
0.001011931337416172
0.0010096922051161528
0.0010136447381228209
0.0010117870988324285
0.0010123850079253316
0.001009722356684506
0.001009179512038827
0.0010101341176778078
0.0010132339084520936
0.0010091132717207074
0.001013173838146031
0.0010119809303432703
0.0010110120056197047
0.0010121471714228392
0.0010122713865712285
0.0010093810269609094
0.0010115433251485229
0.0010121442610397935
0.0010096709011122584
0.001011379761621356
0.0010114774340763688
0.0010114760370925069
0.0010125561384484172
0.0010127518326044083
0.0010095362085849047
0.0010143308900296688
0.0010098101338371634
0.0010131142335012555
0.0010133192408829927
0.001012789667584002
0.0010129304137080908
0.0010149470763280988
0.0010114924516528845
0.001011483371257782
0.0010093350429087877
0.0010129465954378247
0.0010104031534865499
0.001011833781376481
0.001011247280985117
0.001013481174595654
0.0010126925772055984
0.001011293614283204
0.0010142679093405604
0.0010129729053005576
0.0010107159614562988
0.0010106224799528718
0.0010103888344019651
0.001014288398437202
0.0010094011668115854
0.0010116643970832229
0.0010111216688528657
0.001010014908388257
0.0010138902580365539
0.0010124343680217862
0.0010111064184457064
0.0010113725438714027
0.0010132270399481058
0.0010123327374458313
0.0010096367914229631
0.0010110699804499745
0.0010121879167854786
0.0010083017405122519
0.0010137774515897036
0.0010082978988066316
0.0010076358448714018
0.0010085131507366896
0.0010117035126313567
0.001009660423733294
0.001011364278383553
0.0010102726519107819
0.0010090143186971545
0.0010109131690114737
0.0010127464774996042
0.0010109582217410207
0.0010110200382769108
0.0010077591286972165
0.0010097906924784184
0.0010101996595039964
0.0010104115353897214
0.0010098566999658942
0.0010123113170266151
0.0010131016606464982
0.0010121427476406097
0.0010100799845531583
0.0010100798681378365
0.001011350774206221
0.001014192122966051
0.0010125546250492334
0.0010134621988981962
0.0010111172450706363
0.0010114926844835281
0.0010136888595297933
0.0010100561194121838
0.0010135335614904761
0.0010131782619282603
0.0010125519474968314
0.001011816319078207
0.0010087423725053668
0.0010127831483259797
0.001011041458696127
0.0010094655444845557
0.001011159154586494
0.001012842752970755
0.0010080471402034163
0.0010073620360344648
0.0010126399574801326
0.001010690350085497
0.001012666616588831
0.0010109960567206144
0.0010119900107383728
0.0010099492501467466
0.001012672670185566
0.0010129872243851423
0.0010081337532028556
0.0010109090944752097
0.001011597109027207
0.0010115770855918527
0.0010107388952746987
0.0010133623145520687
0.0010123453103005886
0.0010072938166558743
0.0010138038778677583
0.0010139867663383484
0.0010136751225218177
0.0010139092337340117
0.0010115510085597634
0.0010109338909387589
0.0010116598568856716
0.0010123910615220666
0.0010102158412337303
0.001012269640341401
0.0010101647349074483
0.0010093052405864
0.0010113375028595328
0.0010097434278577566
0.0010121690575033426
0.0010130644077435136
0.0010110740549862385
0.001011265441775322
0.00101278827060014
0.0010120467050001025
0.0010148623259738088
0.0010079984785988927
0.001011447748169303
0.0010135407792404294
0.0010118014179170132
0.0010116554331034422
0.001013237633742392
0.0010098329512402415
0.001011878252029419
0.0010115162003785372
0.0010096058249473572
0.0010090183932334185
0.001009465428069234
0.0010122593957930803
0.0010113855823874474
0.0010104721877723932
0.0010127697605639696
0.001010729931294918
0.0010142670944333076
0.0010132240131497383
0.0010110815055668354
0.0010119953658431768
0.0010118619538843632
0.0010133107425644994
0.001010337844491005
0.0010130504379048944
0.001014295849017799
0.001009645638987422
0.0010111831361427903
0.0010094536701217294
0.0010101022198796272
0.0010130897862836719
0.0010116049088537693
0.0010103711392730474
0.0010101686930283904
0.0010108541464433074
0.0010113365715369582
0.0010102048981934786
0.0010149580193683505
0.0010139329824596643
0.0010098052443936467
0.0010089435381814837
0.0010128539288416505
0.0010112972231581807
0.0010118960635736585
0.0010091107105836272
0.0010116203920915723
0.0010080847423523664
0.0010104307439178228
0.0010101133957505226
0.0010126930428668857
0.0010114293545484543
0.001013629138469696
0.0010115703335031867
0.0010107673006132245
0.0010090232826769352
0.0010117896599695086
0.0010101456427946687
0.0010138154029846191
0.0010137276258319616
0.001012307358905673
0.0010145417181774974
0.0010128481080755591
0.00101246137637645
0.001011839252896607
0.0010122866369783878
0.0010108689311891794
0.0010110522853210568
0.0010129244765266776
0.0010125436820089817
0.0010082775261253119
0.0010123676620423794
0.001010554376989603
0.0010094675235450268
0.0010120805818587542
0.0010127275018021464
0.0010105862747877836
0.001011026673950255
0.0010117052588611841
0.0010115285404026508
0.001008766470476985
0.001011384418234229
0.001011005719192326
0.001011192100122571
0.0010104478569701314
0.0010132361203432083
0.0010134960757568479
0.0010108493734151125
0.001010588719509542
0.0010108754504472017
0.0010132234310731292
0.0010092781158164144
0.0010119733633473516
0.0010123392567038536
0.0010112245799973607
0.0010124003747478127
0.0010104402899742126
0.0010139006190001965
0.001009216532111168
0.001010252977721393
0.0010097585618495941
0.0010099885985255241
0.0010099824285134673
0.0010121091036126018
0.0010121074737980962
0.0010099649662151933
0.0010133960749953985
0.0010106333065778017
0.001011455082334578
0.0010114929173141718
0.0010141608072444797
0.0010120485676452518
0.0010089139686897397
0.0010096551850438118
0.0010117492638528347
0.0010108089772984385
0.0010105159599334002
0.0010102305095642805
0.0010124961845576763
0.0010074740275740623
0.00101152912247926
0.0010079635540023446
0.001012242864817381
0.0010117442579939961
0.001011775340884924
0.0010097165359184146
0.001011757180094719
0.0010112805757671595
0.0010105997789651155
0.0010094753233715892
0.0010132651077583432
0.0010091509902849793
0.0010124401887878776
0.0010118881473317742
0.0010109901195392013
0.0010128072462975979
0.0010108078131452203
0.001012958586215973
0.0010115493787452579
0.001011010492220521
0.001012954511679709
0.0010080364299938083
0.00101250852458179
0.001011679065413773
0.0010109652066603303
0.0010101188672706485
0.0010107439011335373
0.0010118208592757583
0.0010123223764821887
0.001014058943837881
0.0010090834693983197
0.0010109932627528906
0.0010123748797923326
0.0010120607912540436
0.0010107007110491395
0.001009034109301865
0.0010101593798026443
0.0010140781523659825
0.0010085372487083077
0.0010102351661771536
0.0010112893069162965
0.0010133306495845318
0.0010138521902263165
0.0010118671925738454
0.00101110665127635
0.0010094109456986189
0.0010113618336617947
0.0010124528780579567
0.0010116369230672717
0.0010109804570674896
0.0010102670639753342
0.0010123096872121096
0.0010130559094250202
0.001011965679936111
0.0010106699774041772
0.0010095130419358611
0.0010151969036087394
0.0010107408743351698
0.001010826788842678
0.0010130724404007196
0.0010104619432240725
0.0010103341192007065
0.001009079278446734
0.0010114535689353943
0.0010103706736117601
0.0010108434362336993
0.001012782217003405
0.0010121327359229326
0.0010125389089807868
0.0010122180683538318
0.0010101620573550463
0.0010104436660185456
0.0010138970101252198
0.0010125094559043646
0.0010086093097925186
0.001013355446048081
0.0010097506456077099
0.0010133488103747368
0.0010113836033269763
0.0010115676559507847
0.0010072824079543352
0.0010097321355715394
0.001010324340313673
0.0010107008274644613
0.0010092203738167882
0.0010123971151188016
0.001010503969155252
0.001012346358038485
0.0010098058264702559
0.0010119049111381173
0.0010125478729605675
0.0010135229676961899
0.0010136077180504799
0.0010141172679141164
0.0010126404231414199
0.0010094479657709599
0.0010112652089446783
0.001011013868264854
0.001012625521980226
0.0010131212184205651
0.0010101996595039964
0.001013457658700645
0.0010085703106597066
0.0010090047726407647
0.0010111191077157855
0.0010084571549668908
0.0010091199073940516
0.001010273233987391
0.0010120918741449714
0.0010107439011335373
0.0010119876824319363
0.0010131164453923702
0.001009185565635562
0.001010607578791678
0.001008818275295198
0.001008769148029387
0.001014542649500072
0.001013381639495492
0.0010128659196197987
0.0010103933745995164
0.0010118434438481927
0.0010151329915970564
0.0010131127201020718
0.001011131564155221
0.0010111468145623803
0.001011132961139083
0.0010146130807697773
0.0010114047909155488
0.0010092250304296613
0.001011213636957109
0.0010125718545168638
0.0010126029374077916
0.001010354608297348
0.001011231797747314
0.0010076938197016716
0.0010120414663106203
0.0010115476325154305
0.0010122928069904447
0.0010124986292794347
0.0010103124659508467
0.0010156207717955112
0.0010123378597199917
0.0010120713850483298
0.0010130434529855847
0.00100911024492234
0.0010121148079633713
0.0010136236669495702
0.001014920067973435
0.001009562169201672
0.001013446948491037
0.0010126815177500248
0.0010123761603608727
0.0010095305042341352
0.001012723078019917
0.0010116389021277428
0.0010086792754009366
0.0010122788371518254
0.0010132486931979656
0.0010123043321073055
0.00101317442022264
0.001011563464999199
0.0010116632329300046
0.0010115320328623056
0.0010111220180988312
0.00100779312197119
0.0010121933883056045
0.0010101054795086384
0.0010102430824190378
0.001010566484183073
0.0010115919867530465
0.0010105679975822568
0.0010109657887369394
0.0010140289086848497
0.0010100894141942263
0.001013352652080357
0.0010127057321369648
0.0010098227066919208
0.0010159406810998917
0.0010132212191820145
0.0010116833727806807
0.0010118074715137482
0.0010142337996512651
0.0010097859194502234
0.0010138810612261295
0.0010145214619114995
0.0010131425224244595
0.0010093810269609094
0.0010141143575310707
0.0010094259632751346
0.0010127361165359616
0.0010117385536432266
0.0010138626676052809
0.001010709791444242
0.0010099621722474694
0.0010099118808284402
0.0010128816356882453
0.0010113002499565482
0.0010113565949723125
0.0010103564709424973
0.0010116478661075234
0.001007860992103815
0.0010075661120936275
0.001010161591693759
0.0010117797646671534
0.0010103130480274558
0.0010112965246662498
0.0010140460217371583
0.001010229578241706
0.0010131694143638015
0.0010094632161781192
0.0010138914221897721
0.0010100479703396559
0.001010350650176406
0.0010123015381395817
0.0010086699621751904
0.0010151935275644064
0.0010105966357514262
0.0010100870858877897
0.0010115534532815218
0.0010112947784364223
0.0010089688003063202
0.0010102690430358052
0.0010120150400325656
0.0010130585869774222
0.0010129082947969437
0.0010112057207152247
0.0010136249475181103
0.0010137759381905198
0.0010099643841385841
0.0010121692903339863
0.0010124981636181474
0.00101061153691262
0.0010123461252078414
0.0010104901157319546
0.0010086899856105447
0.0010095614707097411
0.0010126703418791294
0.0010125372791662812
0.001010386971756816
0.0010111250448971987
0.0010127899004146457
0.001009725616313517
0.0010104603134095669
0.0010125640546903014
0.0010135050397366285
0.001014354988001287
0.001014195499010384
0.001010987674817443
0.001010618289001286
0.0010088735725730658
0.0010127386776730418
0.001012820634059608
0.001010287320241332
0.001009214436635375
0.0010107302805408835
0.0010104862740263343
0.0010115624172613025
0.0010122547391802073
0.0010112286545336246
0.0010110855801030993
0.0010129534639418125
0.0010095108300447464
0.0010106500703841448
0.0010094859171658754
0.0010107936104759574
0.0010117029305547476
0.0010118879145011306
0.0010126398410648108
0.0010103939566761255
0.001011821092106402
0.0010107830166816711
0.0010104976827278733
0.001011656946502626
0.001012812601402402
0.0010093172313645482
0.00101241166703403
0.0010108951246365905
0.0010171139147132635
0.0010088044218719006
0.0010128974681720138
0.0010080704232677817
0.0010134023614227772
0.0010099929058924317
0.001011805608868599
0.0010139045771211386
0.0010104887187480927
0.0010107319103553891
0.0010097331833094358
0.0010134053882211447
0.0010080939391627908
0.0010138475336134434
0.0010113781318068504
0.0010133673204109073
0.0010113443713635206
0.0010118839563801885
0.001012191059999168
0.0010132830357179046
0.0010088167618960142
0.0010136730270460248
0.001011913875117898
0.0010128212161362171
0.0010132292518392205
0.0010110766161233187
0.001012062537483871
0.0010088084964081645
0.0010126741835847497
0.0010131370509043336
0.0010142180835828185
0.0010154092451557517
0.001012417022138834
0.0010126665001735091
0.001012369990348816
0.0010107593843713403
0.0010090478463098407
0.0010128469439223409
0.0010133805917575955
0.0010094594908878207
0.0010136987548321486
0.001008337363600731
0.0010101513471454382
0.0010122600942850113
0.0010103110689669847
0.0010113840689882636
0.0010095796314999461
0.001011230400763452
0.0010129660367965698
0.001012102933600545
0.0010125498520210385
0.0010103948879987001
0.001015029032714665
0.0010096310870721936
0.0010125390253961086
0.0010098428465425968
0.0010126393754035234
0.0010112256277352571
0.0010098612401634455
0.0010071940487250686
0.0010114109609276056
0.0010116260964423418
0.0010149750160053372
0.0010124497348442674
0.0010139942169189453
0.0010110781295225024
0.001012201071716845
0.0010125016560778022
0.0010130665032193065
0.001010380918160081
0.0010116180637851357
0.0010087232803925872
0.0010095647303387523
0.0010118077043443918
0.0010140191297978163
0.0010127124842256308
0.0010120458900928497
0.0010122661478817463
0.0010107337730005383
0.0010125722037628293
0.0010106723057106137
0.0010120149236172438
0.0010119047947227955
0.0010111334268003702
0.0010098769562318921
0.0010083452798426151
0.0010097933700308204
0.0010138496290892363
0.0010113915195688605
0.0010097099002450705
0.0010140237864106894
0.001012661843560636
0.001015987596474588
0.0010108944261446595
0.0010130428709089756
0.0010112811578437686
0.001009374507702887
0.0010126372799277306
0.0010096647311002016
0.0010105002438649535
0.0010109979193657637
0.001010976149700582
0.0010136797791346908
0.001011175918392837
0.0010080842766910791
0.0010112507734447718
0.001010234816931188
0.001014494919218123
0.00101190316490829
0.0010137975914403796
0.0010122444946318865
0.0010118877980858088
0.0010100343497470021
0.0010103746317327023
0.001011455082334578
0.0010134931653738022
0.0010101508814841509
0.001013080938719213
0.0010113983880728483
0.0010107196867465973
0.001009649713523686
0.001011849264614284
0.0010108653223142028
0.001011135522276163
0.0010101369116455317
0.001011222368106246
0.0010132113238796592
0.0010111733572557569
0.001012476161122322
0.001012095483019948
0.0010128454305231571
0.0010088912677019835
0.001015615533106029
0.0010138709330931306
0.0010137148201465607
0.0010127801215276122
0.0010111798765137792
0.0010099798673763871
0.0010112283052876592
0.0010121179511770606
0.0010115603217855096
0.001010332372970879
0.0010089353891089559
0.0010093587916344404
0.001010968699119985
0.0010131701128557324
0.0010136023629456758
0.001012734486721456
0.001011469168588519
0.0010128510184586048
0.001011303043924272
0.0010131420567631721
0.00101033179089427
0.0010095068719238043
0.001010216074064374
0.0010119054932147264
0.0010105650871992111
0.0010140768717974424
0.0010096932528540492
0.0010082894004881382
0.0010119896614924073
0.001011229818686843
0.001012787688523531
0.0010114179458469152
0.0010111895389854908
0.0010124635882675648
0.0010131330927833915
0.001012604683637619
0.0010139868827536702
0.0010107734706252813
0.001009454601444304
0.0010091214207932353
0.001009334228001535
0.0010083445813506842
0.001010869862511754
0.0010130824521183968
0.0010123607935383916
0.0010136505588889122
0.001012076623737812
0.001011983840726316
0.001010812702588737
0.0010125447297468781
0.0010123461252078414
0.001013677567243576
0.0010089819552376866
0.0010143519612029195
0.0010115642799064517
0.001012347056530416
0.0010094733443111181
0.0010093484306707978
0.0010097750928252935
0.0010125520639121532
0.0010128725552931428
0.0010112529853358865
0.001011778018437326
0.0010125943226739764
0.0010115463519468904
0.00101062364410609
0.0010105122346431017
0.0010126912966370583
0.0010081111686304212
0.001010618289001286
0.0010099473875015974
0.0010144663974642754
0.0010108852293342352
0.0010093934834003448
0.0010131353046745062
0.0010102263186126947
0.0010110926814377308
0.0010086849797517061
0.001011148327961564
0.0010107795242220163
0.0010098579805344343
0.0010113330790773034
0.001014053006656468
0.0010107792913913727
0.001012926222756505
0.0010107586858794093
0.0010113063035532832
0.0010116442572325468
0.0010086606489494443
0.0010122733656316996
0.0010130151640623808
0.0010110312141478062
0.0010139320511370897
0.0010116975754499435
0.0010107937268912792
0.0010108405258506536
0.0010137746576219797
0.0010108354035764933
0.001009408850222826
0.0010102613596245646
0.0010135776828974485
0.0010147031862288713
0.0010106838308274746
0.0010115536861121655
0.0010126079432666302
0.0010096535552293062
0.0010123513638973236
0.0010132691822946072
0.0010108595015481114
0.001013901550322771
0.0010106997797265649
0.0010094321332871914
0.0010126326233148575
0.0010147340362891555
0.0010146618587896228
0.0010127624263986945
0.0010124952532351017
0.0010107194539159536
0.0010132361203432083
0.0010147024877369404
0.0010122598614543676
0.0010135337943211198
0.0010148718720301986
0.0010111364535987377
0.0010111379669979215
0.0010130893206223845
0.0010099420323967934
0.0010136389173567295
0.0010115251643583179
0.0010097342310473323
0.0010114778997376561
0.0010155780473724008
0.0010159923695027828
0.001013785251416266
0.0010150378802791238
0.0010108953574672341
0.0010096507612615824
0.0010128060821443796
0.0010127914138138294
0.0010140795493498445
0.0010133725591003895
0.0010097285266965628
0.0010091621661558747
0.0010135967750102282
0.001013744855299592
0.0010099847568199039
0.0010098950006067753
0.0010115907061845064
0.0010118283098563552
0.0010168572189286351
0.0010138425277546048
0.0010120706865563989
0.0010123663814738393
0.0010094662429764867
0.0010125915287062526
0.0010130786104127765
0.0010117711499333382
0.0010129967704415321
0.0010093882447108626
0.0010108331916853786
0.0010135130723938346
0.0010117574129253626
0.0010098533239215612
0.0010093689197674394
0.0010107248090207577
0.0010124709224328399
0.0010131713934242725
0.0010127704590559006
0.0010135764023289084
0.0010119180660694838
0.0010109153809025884
0.0010111540323123336
0.0010099336504936218
0.001009880332276225
0.0010124902473762631
0.0010123300598934293
0.001013131462968886
0.001011523650959134
0.0010102674132212996
0.0010117307538166642
0.0010097346967086196
0.0010126074776053429
0.00101467443164438
0.0010095671750605106
0.0010133166797459126
0.0010137694189324975
0.0010126293636858463
0.0010124676628038287
0.0010087742703035474
0.0010122614912688732
0.0010094267781823874
0.001012139837257564
0.001010386273264885
0.0010096420301124454
0.0010113964090123773
0.0010083786910399795
0.0010112820891663432
0.0010112884920090437
0.0010121687082573771
0.001012957189232111
0.0010091373696923256
0.001011161133646965
0.0010131135350093246
0.0010136296041309834
0.0010100487852469087
0.0010137498611584306
0.0010112191084772348
0.0010101465741172433
0.0010094911558553576
0.0010140800150111318
0.0010116674238815904
0.00101156544405967
0.001010931096971035
0.0010147681459784508
0.0010121313389390707
0.001013303524814546
0.001012108870781958
0.0010125042172148824
0.001013385015539825
0.0010094392346218228
0.0010122761595994234
0.0010151208844035864
0.0010139093501493335
0.0010120444931089878
0.0010122606763616204
0.0010102534433826804
0.0010133549803867936
0.001012405613437295
0.0010123378597199917
0.0010107004782184958
0.0010126769775524735
0.0010107874404639006
0.001015330315567553
0.0010121555533260107
0.001013534259982407
0.0010090996511280537
0.0010100213112309575
0.0010093558812513947
0.001011257991194725
0.001010298728942871
0.0010101128136739135
0.0010102189844474196
0.0010126334382221103
0.0010118496138602495
0.0010128743015229702
0.0010112948948517442
0.0010124021209776402
0.0010146622080355883
0.0010085147805511951
0.0010133582400158048
0.0010081067448481917
0.0010118857026100159
0.001012019463814795
0.001007933751679957
0.001010657288134098
0.0010113855823874474
0.0010127368150278926
0.0010090458672493696
0.0010111437877640128
0.001012458116747439
0.0010149142472073436
0.0010105997789651155
0.0010125079425051808
0.0010111875599250197
0.001011629356071353
0.0010140377562493086
0.0010110016446560621
0.0010120399529114366
0.0010106912814080715
0.0010105544934049249
0.001010760897770524
0.0010115925688296556
0.0010080804349854589
0.0010122850071638823
0.0010097529739141464
0.0010091775329783559
0.0010106755653396249
0.0010099816136062145
0.0010115369223058224
0.001012203050777316
0.0010090726427733898
0.0010135446209460497
0.0010104096727445722
0.0010126254055649042
0.0010127892019227147
0.0010104664834216237
0.00101166230160743
0.0010111823212355375
0.0010095410980284214
0.001013266621157527
0.0010091059375554323
0.0010138918878510594
0.001009928761050105
0.001010000123642385
0.0010095033794641495
0.0010116100311279297
0.0010139541700482368
0.0010099501814693213
0.0010114415781572461
0.0010097993072122335
0.0010106503032147884
0.0010113830212503672
0.001009240630082786
0.0010111196897923946
0.0010098328348249197
0.0010137244826182723
0.0010114279575645924
0.0010124905966222286
0.0010079389903694391
0.0010093009332194924
0.0010116216726601124
0.00101101107429713
0.0010131511371582747
0.0010089798597618937
0.0010126929264515638
0.0010093360906466842
0.0010122662642970681
0.0010125041007995605
0.001011681742966175
0.0010153856128454208
0.0010110200382769108
0.0010132392635568976
0.0010146531276404858
0.0010153558105230331
0.001011681859381497
0.0010119677754119039
0.001009167404845357
0.0010134795447811484
0.0010104271350428462
0.0010109456488862634
0.0010101734660565853
0.0010093548335134983
0.0010093393502756953
0.0010105883702635765
0.0010117875644937158
0.0010139045771211386
0.0010119688231498003
0.001008859253488481
0.0010103683453053236
0.001010499312542379
0.0010139900259673595
0.0010071949800476432
0.0010124037507921457
0.0010084351524710655
0.001013447530567646
0.0010130060836672783
0.001011850661598146
0.0010121158557012677
0.0010115123586729169
0.001010785112157464
0.0010136205237358809
0.001008188002742827
0.0010100053623318672
0.0010114205069839954
0.0010143781546503305
0.0010145986452698708
0.0010099142091348767
0.0010086133843287826
0.0010111689334735274
0.0010125089902430773
0.0010115433251485229
0.0010098867351189256
0.001013871282339096
0.0010111266747117043
0.0010145948035642505
0.0010142832761630416
0.0010116221383213997
0.0010098343482241035
0.0010124302934855223
0.0010117507772520185
0.0010104236425831914
0.0010127993300557137
0.0010138490470126271
0.0010075026657432318
0.001009077299386263
0.0010108599672093987
0.0010127400746569037
0.0010107647394761443
0.0010088285198435187
0.0010085818357765675
0.0010137881617993116
0.0010125437984243035
0.0010126976994797587
0.0010154003975912929
0.0010111082810908556
0.001011687214486301
0.0010106449481099844
0.0010120359947904944
0.001011223066598177
0.0010118234204128385
0.0010114432079717517
0.001013261964544654
0.0010127309942618012
0.0010117650963366032
0.0010106113040819764
0.0010151094757020473
0.001010384177789092
0.001013736822642386
0.001011030049994588
0.001012621447443962
0.001011714106425643
0.001014954992569983
0.0010088698472827673
0.0010125437984243035
0.0010106590343639255
0.00101186812389642
0.0010104093234986067
0.0010109390132129192
0.001013362780213356
0.0010090450523421168
0.0010134531185030937
0.0010146235581487417
0.001011142274364829
0.0010135604534298182
0.0010122408857569098
0.0010117437923327088
0.0010116975754499435
0.0010132270399481058
0.0010137816425412893
0.0010123837273567915
0.001011814922094345
0.0010121357627213001
0.0010109853465110064
0.0010117152705788612
0.0010115281911566854
0.0010135008487850428
0.0010097281774505973
0.0010114697506651282
0.0010123280808329582
0.0010087130358442664
0.0010124968830496073
0.0010129341389983892
0.0010084568057209253
0.0010121185332536697
0.001009276369586587
0.001011568820104003
0.0010110976872965693
0.001009962521493435
0.0010095996549353004
0.0010106784757226706
0.0010109926806762815
0.0010140251833945513
0.0010102224769070745
0.0010123790707439184
0.0010090329451486468
0.0010118274949491024
0.001012088148854673
0.00101004121825099
0.0010114257456734776
0.0010121987434104085
0.001014473382383585
0.001009714207611978
0.001012146007269621
0.0010106286499649286
0.0010097986087203026
0.001007736660540104
0.001011457061395049
0.00101142143830657
0.001010790467262268
0.0010122392559424043
0.0010108622955158353
0.0010098948841914535
0.001011177897453308
0.0010085416724905372
0.001012845546938479
0.0010115819750353694
0.001010276610031724
0.0010130145819857717
0.001010903506539762
0.0010106959380209446
0.0010133403120562434
0.0010101002408191562
0.0010121322702616453
0.0010135057382285595
0.0010104116518050432
0.0010115208569914103
0.001011687214486301
0.0010109525173902512
0.0010123419342562556
0.0010118709178641438
0.0010142066748812795
0.0010099188657477498
0.0010118334321305156
0.0010105277178809047
0.0010096068726852536
0.0010128472931683064
0.001012038323096931
0.0010117599740624428
0.0010090136202052236
0.0010132341412827373
0.0010112745221704245
0.0010132197057828307
0.0010139646474272013
0.0010114260949194431
0.0010124272666871548
0.0010132244788110256
0.0010107879061251879
0.0010161964455619454
0.001009694067761302
0.001010946580208838
0.0010104880202561617
0.0010109010618180037
0.0010110698640346527
0.0010113224852830172
0.0010098814964294434
0.0010075886966660619
0.0010096150217577815
0.001008294173516333
0.001012061140500009
0.0010108015267178416
0.0010113146854564548
0.0010130511363968253
0.0010115621844306588
0.00101207394618541
0.0010117879137396812
0.001012780237942934
0.0010112689342349768
0.001011790707707405
0.0010127411223948002
0.001012281863950193
0.0010128335561603308
0.0010107890702784061
0.0010131828021258116
0.0010136166820302606
0.0010117252822965384
0.0010101149091497064
0.0010090282885357738
0.001012200373224914
0.0010128007270395756
0.0010144434636458755
0.0010117038618773222
0.0010105996625497937
0.0010122043313458562
0.0010101920925080776
0.0010129633592441678
0.0010114457691088319
0.0010092636803165078
0.0010110869770869613
0.0010126960696652532
0.0010133011965081096
0.0010109596187248826
0.0010111528681591153
0.001013833680190146
0.0010135401971638203
0.0010110000148415565
0.001012063235975802
0.001013382337987423
0.0010131362359970808
0.0010131297167390585
0.0010098725324496627
0.0010114313336089253
0.0010115152690559626
0.0010101883672177792
0.0010128578869625926
0.0010115699842572212
0.0010110113071277738
0.0010111898882314563
0.0010134499752894044
0.0010128834983333945
0.0010140422964468598
0.0010148945730179548
0.0010145542910322547
0.0010120008373633027
0.0010126064298674464
0.0010130166774615645
0.0010120593942701817
0.0010081811342388391
0.0010120370425283909
0.0010120522929355502
0.0010112776653841138
0.0010121798841282725
0.0010112817399203777
0.001009947620332241
0.0010155034251511097
0.001013473840430379
0.0010101794032379985
0.0010133227333426476
0.001011392567306757
0.0010089942952618003
0.0010105179389938712
0.0010132037568837404
0.0010125493863597512
0.001012417022138834
0.0010114401811733842
0.0010114277247339487
0.0010117683559656143
0.0010122314561158419
0.0010109067661687732
0.0010103459935635328
0.0010126987472176552
0.001010143430903554
0.0010097518097609282
0.0010103359818458557
0.0010112014133483171
0.0010114327305927873
0.001008522929623723
0.0010127922287210822
0.0010122308740392327
0.001012620166875422
0.0010108661372214556
0.0010087417904287577
0.0010105202673003078
0.001012928900308907
0.0010091775329783559
0.0010115669574588537
0.0010105118853971362
0.0010101263178512454
0.0010109267896041274
0.0010090189753100276
0.001009221188724041
0.001011028653010726
0.0010115493787452579
0.001009175437502563
0.0010119859362021089
0.0010120439110323787
0.0010110114235430956
0.0010094237513840199
0.0010124873369932175
0.00101253273896873
0.0010137934004887938
0.0010127342538908124
0.001011791406199336
0.0010133555624634027
0.001010122592560947
0.0010136849014088511
0.001011681742966175
0.0010129869915544987
0.001013851840980351
0.001010265783406794
0.0010139190126210451
0.0010142696555703878
0.001013119355775416
0.0010150986490771174
0.0010095800971612334
0.0010105844121426344
0.001011497457511723
0.001012575812637806
0.0010105655528604984
0.0010124352993443608
0.0010100394720211625
0.001013149507343769
0.0010134029434993863
0.0010093172313645482
0.0010088192066177726
0.001012546243146062
0.001011545187793672
0.0010123488027602434
0.0010121377417817712
0.0010136308846995234
0.0010091956937685609
0.0010120412334799767
0.0010124363470822573
0.0010118914069607854
0.0010104919783771038
0.0010098401689901948
0.0010120628867298365
0.0010135715128853917
0.0010120337828993797
0.0010115731274709105
0.0010084043024107814
0.0010114094475284219
0.0010101130465045571
0.0010120244696736336
0.001012491760775447
0.001011963584460318
0.0010075457394123077
0.001011942862533033
0.0010134720942005515
0.0010113974567502737
0.001009747851639986
0.0010103245731443167
0.0010108919814229012
0.0010097434278577566
0.0010103598469868302
0.001013294910080731
0.0010114513570442796
0.0010091125732287765
0.001011169282719493
0.0010124032851308584
0.0010098032653331757
0.0010120203951373696
0.0010111421579495072
0.0010116853518411517
0.0010147026041522622
0.0010102393571287394
0.0010129581205546856
0.0010091818403452635
0.001011135522276163
0.001011957530863583
0.0010143187828361988
0.0010099696228280663
0.0010084309615194798
0.00101176043972373
0.0010143237886950374
0.0010111707961186767
0.001014544628560543
0.001010955311357975
0.0010124369291588664
0.0010117823258042336
0.0010125330882146955
0.00101053761318326
0.001013946020975709
0.0010107249254360795
0.0010113801108673215
0.0010103215463459492
0.0010137620847672224
0.0010126876877620816
0.0010150239104405046
0.001008779974654317
0.001012873137369752
0.001010705716907978
0.0010115024633705616
0.0010098399361595511
0.0010092807933688164
0.0010099564678967
0.001009494299069047
0.001011001761071384
0.001008101156912744
0.0010136765195056796
0.001007813960313797
0.0010131308808922768
0.0010127085261046886
0.001010425854474306
0.0010123273823410273
0.001012721098959446
0.001014428329654038
0.001011218293569982
0.0010102823143824935
0.0010098894126713276
0.0010116595076397061
0.0010110132861882448
0.0010133016621693969
0.0010115077020600438
0.0010105513501912355
0.0010118447244167328
0.001010359963402152
0.0010136198252439499
0.001009510480798781
0.0010145270498469472
0.0010103342356160283
0.0010086365509778261
0.001013270579278469
0.001011405372992158
0.0010099110659211874
0.0010123399551957846
0.001011349493637681
0.0010109798749908805
0.001011378364637494
0.0010131264571100473
0.0010111484443768859
0.0010086315451189876
0.0010120052611455321
0.001013554516248405
0.0010128599824383855
0.001014237874187529
0.0010136510245501995
0.0010092643788084388
0.0010105002438649535
0.001008874736726284
0.0010125739499926567
0.001008888939395547
0.0010111528681591153
0.0010122001403942704
0.0010091024450957775
0.0010099917417392135
0.001011132961139083
0.0010130108566954732
0.0010139147052541375
0.001009826548397541
0.0010127846617251635
0.001010657986626029
0.0010115611366927624
0.0010101307416334748
0.001012930297292769
0.0010121945524588227
0.0010122595122084022
0.0010116264456883073
0.001010828884318471
0.001012477558106184
0.0010104671819135547
0.0010099889477714896
0.0010083914967253804
0.0010097086196765304
0.001009708154015243
0.0010104442480951548
0.0010121169034391642
0.0010128943249583244
0.0010137631325051188
0.0010120070073753595
0.0010142179671674967
0.0010133752366527915
0.0010141738457605243
0.001014177454635501
0.0010125236585736275
0.0010128451976925135
0.0010124710388481617
0.0010118811624124646
0.0010128413559868932
0.0010108181741088629
0.0010117791825905442
0.001008591614663601
0.0010115726618096232
0.0010118314530700445
0.0010127719724550843
0.0010130659211426973
0.0010135782649740577
0.0010138882789760828
0.0010099009377881885
0.0010126596316695213
0.0010108579881489277
0.0010115859331563115
0.0010118563659489155
0.0010119344806298614
0.0010119685903191566
0.0010140389204025269
0.0010140885133296251
0.001009887084364891
0.001012127031572163
0.0010131796589121222
0.0010131308808922768
0.0010098558850586414
0.0010117614874616265
0.0010123001411557198
0.0010141439270228148
0.001010777777992189
0.001015076064504683
0.001011474640108645
0.0010108209680765867
0.001010615611448884
0.001007376005873084
0.0010105881374329329
0.0010119087528437376
0.0010143043473362923
0.0010138945654034615
0.0010118706850335002
0.0010111049050465226
0.0010110002476722002
0.0010129798902198672
0.0010124481050297618
0.0010118461214005947
0.0010107200359925628
0.001010744832456112
0.0010119955986738205
0.0010120300576090813
0.001009081257507205
0.0010123387910425663
0.001013266621157527
0.001012938329949975
0.0010123926913365722
0.0010089969728142023
0.0010119850048795342
0.0010115726618096232
0.0010123634710907936
0.0010101762600243092
0.001009781495667994
0.0010115999029949307
0.001011235755868256
0.0010083077941089869
0.0010113632306456566
0.0010124961845576763
0.0010131747694686055
0.0010124973487108946
0.0010090386494994164
0.0010119517100974917
0.001011987216770649
0.0010088119888678193
0.0010120690567418933
0.0010101896477863193
0.0010103621752932668
0.0010078941704705358
0.0010107329580932856
0.001013723318465054
0.001013460336253047
0.0010144257685169578
0.0010101874358952045
0.0010121153900399804
0.0010113759199157357
0.001012448687106371
0.0010101509978994727
0.00101062364410609
0.0010099433129653335
0.0010125187691301107
0.0010129909496754408
0.0010087959235534072
0.0010100490180775523
0.001013746252283454
0.0010106834815815091
0.0010100578656420112
0.0010128355352208018
0.001008987776003778
0.001011514919809997
0.0010106395930051804
0.0010118720820173621
0.0010126460110768676
0.001011551939882338
0.001012683380395174
0.0010126210981979966
0.001010604202747345
0.001011677784845233
0.0010100172366946936
0.0010119497310370207
0.0010085758985951543
0.001010364736430347
0.0010133825708180666
0.0010100275976583362
0.0010112157324329019
0.0010148277506232262
0.001011610496789217
0.0010131302988156676
0.001010586740449071
0.0010138601064682007
0.0010136716300621629
0.0010126357665285468
0.001012188382446766
0.0010129770962521434
0.001012108870781958
0.0010132910683751106
0.0010097419144585729
0.0010109813883900642
0.0010137733770534396
0.0010105910478159785
0.0010088224662467837
0.001012994791381061
0.001012862310744822
0.0010121006052941084
0.0010134438052773476
0.0010135927004739642
0.0010088388808071613
0.0010140629019588232
0.0010072594741359353
0.0010135923512279987
0.0010102605447173119
0.0010102310916408896
0.0010150433517992496
0.0010128520661965013
0.0010098875500261784
0.0010104614775627851
0.0010098852217197418
0.0010092577431350946
0.0010140497470274568
0.001012554974295199
0.001011144951917231
0.0010080145439133048
0.0010121652157977223
0.0010092421434819698
0.0010114765027537942
0.0010093695018440485
0.001010472304187715
0.001011412008665502
0.0010083443485200405
0.0010129532311111689
0.0010114648612216115
0.0010109430877491832
0.0010120525257661939
0.0010101253865286708
0.0010106271365657449
0.0010099674109369516
0.0010106414556503296
0.0010101970983669162
0.0010101147927343845
0.0010111305164173245
0.0010097649646922946
0.0010112953605130315
0.001011564047075808
0.0010132851311936975
0.0010107995476573706
0.0010091890580952168
0.001010632491670549
0.0010093861492350698
0.0010111882584169507
0.0010097294580191374
0.0010116588091477752
0.0010121872182935476
0.001013881410472095
0.0010098133934661746
0.0010090102441608906
0.0010119258658960462
0.0010119942016899586
0.0010126164415851235
0.001006320584565401
0.0010094366734847426
0.0010096015175804496
0.0010101135121658444
0.0010123831452801824
0.0010109622962772846
0.001008901628665626
0.0010125429835170507
0.0010111721931025386
0.0010096676414832473
0.0010128698777407408
0.0010117528727278113
0.0010097760241478682
0.0010104179382324219
0.0010112905874848366
0.0010116029297932982
0.0010120641672983766
0.0010093088494613767
0.001013940665870905
0.0010103941895067692
0.0010096565820276737
0.0010101982625201344
0.001009950297884643
0.001010859734378755
0.001013358705677092
0.0010122449602931738
0.0010077968472614884
0.0010133016621693969
0.0010103234089910984
0.0010126247070729733
0.0010117455385625362
0.0010126790730282664
0.001013017725199461
0.0010120444931089878
0.0010135031770914793
0.0010100252693518996
0.0010127208661288023
0.0010085642570629716
0.0010110927978530526
0.001008007675409317
0.0010130618466064334
0.0010124121326953173
0.0010117640485987067
0.0010102548403665423
0.0010115191107615829
0.0010111660230904818
0.0010131256422027946
0.0010124172549694777
0.0010130584705621004
0.001011163229122758
0.001012619468383491
0.0010126070119440556
0.0010106766130775213
0.0010107239941135049
0.0010123563697561622
0.0010120323859155178
0.0010125917615368962
0.0010099024511873722
0.0010118847712874413
0.0010082863736897707
0.0010118489153683186
0.0010118199279531837
0.0010101606603711843
0.0010104665998369455
0.0010104913963004947
0.0010141485836356878
0.0010097491322085261
0.0010092242155224085
0.0010095227044075727
0.001011597109027207
0.0010126277338713408
0.0010119457729160786
0.001010362058877945
0.001011918531730771
0.0010121139930561185
0.001013713888823986
0.0010102607775479555
0.0010121738305315375
0.001011326676234603
0.001011260668747127
0.0010120186489075422
0.0010127283167093992
0.0010134574258700013
0.0010124779073521495
0.0010113659081980586
0.0010104200337082148
0.0010102386586368084
0.0010118212085217237
0.0010144789703190327
0.0010130696464329958
0.0010118278441950679
0.0010099096689373255
0.0010120882652699947
0.001013531582430005
0.0010141627863049507
0.0010119356447830796
0.0010133548639714718
0.001012400141917169
