9.578927993774414
11.017484664916992
10.906094551086426
8.44530963897705
11.118924140930176
10.21716594696045
9.298744201660156
12.538299560546875
9.033592224121094
9.794023513793945
9.968165397644043
8.770379066467285
9.14693546295166
9.73656177520752
9.524308204650879
11.639141082763672
9.807259559631348
9.962481498718262
9.620379447937012
10.156445503234863
8.985349655151367
9.908035278320312
8.545409202575684
10.046921730041504
9.448800086975098
10.771379470825195
9.939852714538574
9.485764503479004
8.91777229309082
9.361194610595703
8.985077857971191
8.909858703613281
10.957687377929688
8.750378608703613
8.886672973632812
11.54366683959961
9.028149604797363
9.293389320373535
10.437034606933594
10.594541549682617
11.08875560760498
9.458877563476562
10.91343879699707
8.77579116821289
8.638391494750977
9.550950050354004
9.254720687866211
10.451376914978027
8.779834747314453
9.76714038848877
9.447101593017578
9.511655807495117
10.754886627197266
9.299152374267578
8.923868179321289
10.328812599182129
10.808425903320312
8.710347175598145
8.72142219543457
8.91938591003418
10.605534553527832
9.362690925598145
11.245400428771973
9.272806167602539
8.935526847839355
9.274673461914062
8.781574249267578
8.702006340026855
10.16777515411377
10.82148265838623
9.94542407989502
11.819472312927246
9.199272155761719
10.7363862991333
10.72343635559082
11.866410255432129
10.14840316772461
9.431342124938965
9.30530071258545
10.770756721496582
9.048684120178223
10.361141204833984
9.282777786254883
10.052172660827637
8.976040840148926
10.009452819824219
9.976097106933594
8.801958084106445
10.369197845458984
11.346220970153809
8.176305770874023
9.889991760253906
10.66415023803711
11.297022819519043
8.299083709716797
9.104289054870605
8.649168968200684
9.319746017456055
9.419656753540039
8.724479675292969
8.572218894958496
10.264891624450684
11.36347770690918
10.79759693145752
9.42885684967041
9.351840019226074
8.794676780700684
10.728797912597656
9.417438507080078
9.004936218261719
8.321556091308594
8.937171936035156
10.07586669921875
9.380648612976074
11.118500709533691
9.144132614135742
11.310072898864746
11.504409790039062
12.913597106933594
10.293447494506836
9.20425796508789
9.116800308227539
8.580231666564941
9.890214920043945
8.942931175231934
10.932718276977539
8.277706146240234
8.549463272094727
10.790273666381836
8.672758102416992
9.92177677154541
9.536065101623535
8.983930587768555
10.710199356079102
9.192002296447754
11.404125213623047
9.674576759338379
10.18345832824707
10.561392784118652
8.773412704467773
12.337501525878906
7.943353652954102
8.267007827758789
9.330265045166016
9.53162956237793
10.772298812866211
9.494989395141602
9.190564155578613
8.848543167114258
8.110908508300781
9.449854850769043
10.37881088256836
9.397089004516602
9.590399742126465
10.716675758361816
8.650882720947266
8.351319313049316
9.09041976928711
8.659785270690918
9.969199180603027
10.526220321655273
11.112257957458496
8.422700881958008
11.948202133178711
9.78406810760498
13.2162504196167
9.271544456481934
10.713723182678223
10.599225044250488
11.497577667236328
10.06420612335205
10.633952140808105
8.460505485534668
9.573269844055176
10.822850227355957
9.926947593688965
10.264914512634277
8.715373992919922
8.800405502319336
11.5848970413208
10.424398422241211
9.269108772277832
9.494100570678711
10.378360748291016
11.001602172851562
9.264326095581055
9.728886604309082
10.158809661865234
9.98256778717041
8.537107467651367
8.84014892578125
10.112260818481445
9.751346588134766
13.504670143127441
12.099769592285156
9.550043106079102
11.978128433227539
10.043079376220703
9.450689315795898
11.554600715637207
9.944912910461426
11.871150970458984
10.012261390686035
8.58277702331543
11.160877227783203
10.220264434814453
10.887580871582031
9.8278169631958
10.048705101013184
10.088693618774414
9.622827529907227
8.463021278381348
11.422813415527344
8.830940246582031
12.266798973083496
11.096003532409668
8.085471153259277
10.863733291625977
9.010079383850098
10.78469181060791
9.536099433898926
8.740402221679688
10.198389053344727
10.725518226623535
10.118205070495605
10.267468452453613
10.06734561920166
10.673185348510742
10.203574180603027
10.980250358581543
9.395895957946777
8.62095832824707
10.882447242736816
10.11996078491211
8.57634449005127
9.402543067932129
11.874568939208984
10.203401565551758
10.577607154846191
11.829414367675781
11.79415512084961
10.715235710144043
8.690595626831055
10.207956314086914
9.699464797973633
10.00072956085205
8.908102035522461
9.463441848754883
10.613024711608887
8.818328857421875
8.520313262939453
9.900550842285156
10.842816352844238
9.719462394714355
8.807905197143555
9.044783592224121
9.196020126342773
9.7018461227417
9.310050010681152
9.901046752929688
8.164620399475098
9.135308265686035
10.495596885681152
10.780163764953613
9.535478591918945
9.50810432434082
9.550629615783691
9.249479293823242
10.641630172729492
12.070588111877441
10.841510772705078
8.783767700195312
9.738897323608398
9.798550605773926
9.818303108215332
9.001077651977539
8.421599388122559
9.108372688293457
8.863067626953125
8.82020378112793
10.243367195129395
11.045709609985352
10.261127471923828
9.226537704467773
9.395390510559082
11.538164138793945
9.106424331665039
10.621840476989746
13.27522087097168
11.143501281738281
12.60062313079834
11.359121322631836
10.970559120178223
11.187397003173828
12.690145492553711
8.993581771850586
10.473471641540527
11.329352378845215
9.810083389282227
9.638130187988281
11.187786102294922
9.448148727416992
11.012145042419434
9.141533851623535
9.371776580810547
9.462586402893066
12.757360458374023
9.97159481048584
10.462175369262695
8.690482139587402
9.818408012390137
9.752076148986816
9.110645294189453
11.020506858825684
8.213441848754883
10.301133155822754
9.81044864654541
10.609264373779297
9.827945709228516
8.521639823913574
9.945623397827148
8.684209823608398
10.250144958496094
9.36971664428711
10.807936668395996
9.115364074707031
8.649641990661621
11.838679313659668
11.492764472961426
11.516555786132812
13.423186302185059
9.503408432006836
10.391058921813965
10.014420509338379
12.013341903686523
12.549304962158203
10.297242164611816
9.743223190307617
9.695867538452148
8.948780059814453
10.336359024047852
10.042080879211426
9.054548263549805
9.041796684265137
10.85585880279541
9.242945671081543
8.920145988464355
9.5599365234375
11.540199279785156
8.63807487487793
9.510096549987793
9.919772148132324
10.170687675476074
8.8784818649292
9.103416442871094
9.345460891723633
13.137335777282715
10.64719295501709
9.767334938049316
9.107576370239258
9.547259330749512
8.546551704406738
9.816741943359375
8.824684143066406
10.810464859008789
10.330578804016113
8.870450019836426
8.508455276489258
8.800320625305176
8.417545318603516
11.410840034484863
8.906303405761719
9.00739860534668
10.933103561401367
11.19235897064209
11.726792335510254
9.052102088928223
9.343961715698242
9.169751167297363
11.695117950439453
9.543083190917969
9.499558448791504
7.988733291625977
9.526313781738281
10.721640586853027
8.953206062316895
13.227230072021484
9.699389457702637
10.766792297363281
9.442030906677246
10.445178031921387
9.785439491271973
11.362807273864746
9.161386489868164
10.9125394821167
10.402318954467773
9.616260528564453
11.59494400024414
13.639371871948242
9.971260070800781
8.274638175964355
11.074318885803223
9.049155235290527
12.241477966308594
10.733633995056152
12.179710388183594
9.310285568237305
10.656907081604004
8.202668190002441
12.572041511535645
13.505550384521484
11.360296249389648
9.6909761428833
9.25998592376709
8.741081237792969
10.285008430480957
10.100753784179688
11.467241287231445
10.569853782653809
9.828638076782227
8.84149169921875
8.914870262145996
9.841594696044922
9.487120628356934
9.676511764526367
8.636512756347656
9.152847290039062
8.568986892700195
11.980756759643555
10.71487808227539
8.582557678222656
11.711599349975586
9.769590377807617
11.675467491149902
10.00352668762207
9.665525436401367
10.362786293029785
8.722343444824219
10.286518096923828
8.483657836914062
9.632368087768555
11.053186416625977
9.836647033691406
10.766243934631348
8.642430305480957
9.777668952941895
9.182523727416992
11.013582229614258
9.836149215698242
12.21935749053955
11.027899742126465
10.1138334274292
8.930242538452148
8.893505096435547
9.412727355957031
10.445878028869629
9.738943099975586
9.47368049621582
10.034882545471191
8.778634071350098
8.574569702148438
10.126445770263672
8.413829803466797
10.008769035339355
10.910362243652344
8.088500022888184
11.28618049621582
8.883272171020508
8.39222240447998
9.367533683776855
11.623980522155762
9.16802978515625
11.218646049499512
12.14367389678955
9.185611724853516
10.491166114807129
12.893937110900879
10.446263313293457
12.082656860351562
10.288533210754395
9.352653503417969
8.535903930664062
9.363818168640137
10.517017364501953
9.258692741394043
9.382533073425293
8.827068328857422
8.483234405517578
12.594809532165527
10.603179931640625
10.11812973022461
10.146807670593262
10.398574829101562
10.5394868850708
10.590970039367676
9.377724647521973
10.312920570373535
9.315400123596191
12.812833786010742
8.99980354309082
8.806975364685059
9.35393238067627
10.80654239654541
10.941936492919922
9.301593780517578
10.688159942626953
8.577150344848633
9.708048820495605
10.827468872070312
10.43635368347168
10.657732009887695
8.827287673950195
10.705132484436035
9.859736442565918
9.618232727050781
10.513748168945312
11.150861740112305
10.207510948181152
8.999822616577148
8.70148754119873
10.54236125946045
8.63247013092041
9.660785675048828
10.561210632324219
9.589959144592285
9.966388702392578
10.044158935546875
9.735039710998535
10.282432556152344
9.581851959228516
12.599740982055664
8.710474967956543
10.104866981506348
9.400325775146484
9.166894912719727
8.455221176147461
9.816498756408691
11.467785835266113
9.601056098937988
8.958561897277832
12.361029624938965
8.590717315673828
8.685561180114746
10.87651538848877
12.324872970581055
11.757330894470215
12.096837997436523
10.125786781311035
8.682174682617188
9.411258697509766
9.504111289978027
9.901952743530273
10.025826454162598
10.73158073425293
11.857636451721191
8.626365661621094
9.804783821105957
10.755697250366211
9.336546897888184
9.497455596923828
10.480077743530273
11.078057289123535
9.43361759185791
10.718731880187988
9.564018249511719
9.365065574645996
10.583738327026367
10.066768646240234
9.322176933288574
8.92977237701416
11.783149719238281
9.251418113708496
8.55594253540039
8.526477813720703
10.094062805175781
10.07986831665039
9.864744186401367
10.398138046264648
8.558666229248047
11.045801162719727
8.667023658752441
10.733499526977539
9.329751014709473
8.807966232299805
10.019728660583496
9.386494636535645
9.67097282409668
8.58218765258789
12.211943626403809
8.16222858428955
10.326419830322266
9.71076774597168
12.23953914642334
8.23040771484375
8.584168434143066
10.086772918701172
10.195326805114746
10.927945137023926
9.835075378417969
8.945857048034668
8.722358703613281
8.899012565612793
10.163298606872559
9.4776611328125
10.404266357421875
10.131282806396484
9.033273696899414
9.008696556091309
9.172252655029297
8.828481674194336
8.695717811584473
9.772581100463867
9.413884162902832
9.173154830932617
9.566027641296387
8.656444549560547
9.398640632629395
11.55186939239502
12.056049346923828
9.718058586120605
9.566131591796875
10.701629638671875
9.202420234680176
8.855178833007812
10.019868850708008
9.693309783935547
9.945171356201172
10.066239356994629
9.751256942749023
11.17166805267334
9.485169410705566
10.771089553833008
9.507221221923828
12.16934871673584
10.935338973999023
9.7211275100708
8.872365951538086
10.354901313781738
11.107590675354004
9.552196502685547
9.213973045349121
8.881080627441406
8.905517578125
8.841757774353027
10.574822425842285
9.134843826293945
8.446157455444336
9.47133731842041
10.941548347473145
10.471527099609375
10.202238082885742
10.531455039978027
10.719347953796387
9.047593116760254
8.752452850341797
12.134178161621094
10.471982955932617
10.063407897949219
9.831544876098633
10.860408782958984
8.746755599975586
10.424315452575684
8.336790084838867
8.562775611877441
8.342903137207031
9.975744247436523
9.51231575012207
9.548872947692871
10.809983253479004
9.083293914794922
9.014333724975586
11.458802223205566
9.14840316772461
9.228260040283203
12.849883079528809
11.901942253112793
9.992989540100098
12.002551078796387
9.694319725036621
8.584943771362305
12.820685386657715
8.85255241394043
10.145893096923828
11.175115585327148
9.775997161865234
9.400639533996582
9.22713851928711
11.999445915222168
10.188079833984375
9.144767761230469
9.819731712341309
11.05344009399414
9.514627456665039
11.032808303833008
10.322772979736328
9.461922645568848
9.67544937133789
10.38970947265625
11.6279296875
10.29949951171875
9.603800773620605
10.280755043029785
9.113240242004395
9.23470687866211
8.438020706176758
10.638545989990234
9.67480754852295
12.151446342468262
8.934488296508789
10.388482093811035
12.549989700317383
10.042457580566406
9.022333145141602
8.705954551696777
10.837942123413086
10.50551986694336
9.051230430603027
9.22314739227295
9.285611152648926
9.103875160217285
10.970611572265625
9.728740692138672
12.767899513244629
8.121293067932129
8.609622955322266
9.3648681640625
11.911398887634277
9.770524978637695
12.141769409179688
9.170370101928711
11.923328399658203
9.315540313720703
12.304229736328125
10.749226570129395
9.024070739746094
8.801715850830078
10.70781135559082
10.472036361694336
13.463303565979004
10.38918685913086
8.924460411071777
10.041354179382324
9.299417495727539
8.783099174499512
8.293702125549316
8.696468353271484
8.993514060974121
8.965185165405273
9.276128768920898
11.158648490905762
9.930075645446777
9.210512161254883
9.770246505737305
10.042119979858398
10.444527626037598
8.629131317138672
10.275472640991211
9.570135116577148
9.818880081176758
9.343155860900879
8.766033172607422
9.32525634765625
9.227416038513184
8.967756271362305
10.896337509155273
10.178098678588867
10.977275848388672
11.489538192749023
10.683099746704102
11.559992790222168
8.509529113769531
8.810041427612305
8.568647384643555
11.32441520690918
8.1615629196167
9.915897369384766
9.033244132995605
11.079588890075684
13.490230560302734
8.564977645874023
11.190821647644043
9.922679901123047
12.218465805053711
9.349248886108398
8.405314445495605
10.33517074584961
8.88056468963623
9.755911827087402
10.539525032043457
10.753877639770508
11.90317153930664
9.388741493225098
9.645259857177734
8.93868350982666
10.029853820800781
11.343396186828613
12.332727432250977
10.851699829101562
9.611736297607422
11.517779350280762
10.090906143188477
8.799826622009277
9.192761421203613
10.131470680236816
9.617358207702637
11.268270492553711
11.07812786102295
9.492469787597656
11.459641456604004
9.834689140319824
10.643784523010254
11.85772705078125
9.215527534484863
10.211203575134277
9.72436237335205
9.21120834350586
9.157378196716309
10.538448333740234
11.606669425964355
10.928094863891602
10.302881240844727
9.169507026672363
11.748204231262207
10.88874626159668
9.199530601501465
9.648052215576172
12.074716567993164
10.855879783630371
12.223840713500977
8.09061336517334
11.348941802978516
8.37889289855957
10.802363395690918
11.241155624389648
12.1315336227417
10.121123313903809
10.236067771911621
9.826539993286133
10.29185676574707
9.198270797729492
10.095659255981445
10.116891860961914
11.307406425476074
9.872316360473633
9.112462997436523
8.592623710632324
10.714264869689941
11.796082496643066
9.037337303161621
9.212018966674805
9.210987091064453
9.395196914672852
12.008088111877441
10.364213943481445
11.68116569519043
9.464396476745605
11.100292205810547
8.976120948791504
9.123272895812988
11.790752410888672
9.472864151000977
8.432136535644531
9.565908432006836
9.663402557373047
8.942955017089844
10.04394245147705
8.473210334777832
12.632170677185059
11.650681495666504
8.651276588439941
9.152714729309082
10.139632225036621
9.04910659790039
12.369979858398438
13.772685050964355
8.779338836669922
10.926163673400879
9.990360260009766
9.165119171142578
9.128392219543457
12.308442115783691
8.709443092346191
9.771154403686523
10.149077415466309
10.331321716308594
10.28032112121582
11.355563163757324
10.780486106872559
10.99877643585205
10.857405662536621
11.024727821350098
8.394619941711426
9.551217079162598
13.5541353225708
8.757862091064453
8.729898452758789
9.377169609069824
10.60848331451416
9.447846412658691
8.964000701904297
9.590527534484863
9.005550384521484
9.045973777770996
8.82383918762207
9.27970027923584
10.428474426269531
10.670654296875
9.67597484588623
8.428735733032227
9.969297409057617
9.25094985961914
10.0852632522583
9.385663986206055
8.734611511230469
8.779932975769043
8.959233283996582
9.244874954223633
10.901130676269531
8.889913558959961
9.049773216247559
10.051822662353516
8.792341232299805
10.956893920898438
10.209336280822754
10.302165985107422
9.201151847839355
10.846352577209473
9.561582565307617
8.857643127441406
11.037158012390137
10.578166007995605
10.740416526794434
9.061254501342773
11.9307279586792
11.307936668395996
8.60848331451416
9.916412353515625
10.67158317565918
9.578471183776855
8.417216300964355
10.99473762512207
9.91022777557373
11.887344360351562
9.93502426147461
12.657822608947754
10.175741195678711
13.059037208557129
10.831191062927246
9.864706993103027
11.917388916015625
9.429765701293945
9.20535659790039
10.256410598754883
9.09387493133545
10.406588554382324
9.133988380432129
9.473414421081543
8.851946830749512
9.334192276000977
10.740069389343262
9.401968955993652
9.042505264282227
10.799229621887207
8.720542907714844
9.065389633178711
13.586265563964844
8.298965454101562
8.521190643310547
10.697314262390137
8.67237663269043
10.63672924041748
10.034309387207031
10.653565406799316
11.855194091796875
11.096864700317383
9.05875015258789
9.31159782409668
9.627641677856445
10.609463691711426
10.79444694519043
9.667280197143555
11.252132415771484
8.905072212219238
8.720335960388184
8.911958694458008
9.375472068786621
9.697820663452148
8.525618553161621
8.81379508972168
8.334271430969238
8.923685073852539
11.04606819152832
9.874330520629883
9.94760799407959
10.8003568649292
10.867462158203125
8.78403377532959
11.365241050720215
8.80804443359375
10.321273803710938
9.536979675292969
10.58965015411377
9.603568077087402
9.167384147644043
9.703059196472168
8.288178443908691
10.311960220336914
10.672088623046875
9.636649131774902
9.209815979003906
11.55233097076416
11.115655899047852
8.703896522521973
10.57693862915039
9.158987998962402
9.14853572845459
9.350245475769043
9.803542137145996
10.235727310180664
11.01345157623291
10.904260635375977
9.06131649017334
10.120702743530273
11.496540069580078
9.884421348571777
9.473064422607422
9.788664817810059
14.326583862304688
11.94999885559082
8.838735580444336
9.084887504577637
9.743916511535645
9.864521980285645
8.555839538574219
10.025700569152832
8.442699432373047
8.742782592773438
9.109302520751953
11.065543174743652
10.017102241516113
9.254254341125488
9.61257266998291
9.486560821533203
9.829448699951172
7.658920764923096
11.451770782470703
9.268999099731445
10.33094310760498
10.634272575378418
8.772804260253906
9.207006454467773
10.699090003967285
10.610427856445312
9.9221773147583
8.478336334228516
11.213789939880371
9.136430740356445
8.956842422485352
7.9368085861206055
9.439085960388184
8.351799011230469
9.745184898376465
9.97342300415039
9.878849029541016
12.041954040527344
8.279794692993164
8.842812538146973
10.267552375793457
9.21377182006836
8.914645195007324
10.986005783081055
9.066908836364746
11.813004493713379
8.962530136108398
10.36213493347168
9.538208961486816
11.884641647338867
10.164251327514648
11.203126907348633
8.900361061096191
12.228605270385742
11.751362800598145
10.753702163696289
9.756975173950195
10.268980979919434
8.91775894165039
11.80151653289795
9.471163749694824
10.866963386535645
8.773648262023926
10.340639114379883
9.633256912231445
10.525056838989258
10.894075393676758
11.376482963562012
10.75770378112793
10.186138153076172
11.350133895874023
9.043764114379883
10.313990592956543
11.55508804321289
9.220819473266602
8.794060707092285
9.450204849243164
9.8111572265625
9.412940979003906
11.50892448425293
9.951539993286133
13.332040786743164
10.832942008972168
9.222929000854492
10.48752498626709
9.684216499328613
8.38516616821289
8.860845565795898
8.779252052307129
9.612306594848633
12.117621421813965
10.586904525756836
10.769704818725586
9.869150161743164
8.633310317993164
9.505773544311523
10.23405933380127
8.896718978881836
9.026390075683594
10.570627212524414
9.676657676696777
9.937714576721191
9.686136245727539
11.202719688415527
11.232635498046875
12.668902397155762
9.213896751403809
9.393871307373047
11.02111530303955
9.304716110229492
8.546045303344727
10.89721965789795
13.159204483032227
10.360461235046387
10.286624908447266
8.942768096923828
11.703095436096191
10.970797538757324
9.35129165649414
9.479310035705566
10.111302375793457
8.823183059692383
10.769221305847168
11.353601455688477
8.813902854919434
10.296655654907227
11.3687105178833
10.965107917785645
9.413064956665039
11.175537109375
9.065634727478027
9.70727825164795
10.829044342041016
9.513754844665527
9.892165184020996
9.882594108581543
11.513604164123535
10.904837608337402
11.008478164672852
10.92145824432373
8.165948867797852
8.57097053527832
10.918932914733887
9.10808277130127
8.263412475585938
11.399628639221191
10.1466064453125
12.031622886657715
9.39675521850586
9.373563766479492
9.631854057312012
10.103582382202148
9.252727508544922
8.515254020690918
10.922993659973145
12.946539878845215
10.151001930236816
9.1937837600708
8.195948600769043
8.899441719055176
9.499380111694336
10.902965545654297
9.52194881439209
9.123151779174805
8.922036170959473
9.332304000854492
9.009421348571777
13.23957633972168
10.596624374389648
9.84823226928711
8.742096900939941
9.53415298461914
10.476076126098633
9.113602638244629
12.975868225097656
9.350136756896973
9.596778869628906
8.744973182678223
8.06136703491211
11.367446899414062
9.775802612304688
10.90322494506836
9.763984680175781
12.076519012451172
9.510204315185547
8.933900833129883
8.976333618164062
9.771793365478516
11.281339645385742
11.822141647338867
10.304435729980469
10.47337532043457
8.79065227508545
8.920912742614746
11.431750297546387
10.352628707885742
11.530624389648438
10.426084518432617
9.911833763122559
8.591791152954102
10.471136093139648
9.41726016998291
8.3485689163208
10.86325454711914
10.744680404663086
9.604146957397461
10.69301986694336
10.342144012451172
9.264331817626953
7.94564151763916
9.565545082092285
11.138242721557617
10.862000465393066
9.307945251464844
12.972980499267578
9.935382843017578
10.170990943908691
10.159607887268066
9.358345985412598
10.523499488830566
10.462786674499512
10.034961700439453
12.359235763549805
9.466361045837402
12.856440544128418
10.576467514038086
12.067879676818848
9.794617652893066
8.484060287475586
11.133698463439941
9.88140869140625
11.760971069335938
9.282095909118652
12.60808277130127
9.78536605834961
10.61135482788086
8.339729309082031
10.12744140625
12.542350769042969
10.357644081115723
9.324058532714844
9.34063720703125
10.878826141357422
9.178515434265137
9.761337280273438
11.642252922058105
9.92288875579834
11.432933807373047
10.344505310058594
9.575886726379395
9.050104141235352
10.717190742492676
8.840840339660645
10.35478687286377
8.633735656738281
9.031789779663086
10.436949729919434
11.977853775024414
10.997636795043945
8.463937759399414
11.365951538085938
8.81672477722168
9.021171569824219
11.937004089355469
10.60393238067627
8.61070728302002
10.600576400756836
8.850556373596191
11.168425559997559
10.264209747314453
11.690628051757812
11.176689147949219
12.233996391296387
10.238055229187012
10.896133422851562
8.694480895996094
9.726621627807617
8.924919128417969
8.952778816223145
11.584245681762695
11.436856269836426
8.848736763000488
8.75052547454834
9.55433464050293
9.266918182373047
9.001461029052734
8.963004112243652
8.334285736083984
8.922074317932129
8.80828857421875
10.514602661132812
10.048391342163086
8.719303131103516
8.937445640563965
8.387809753417969
12.912647247314453
8.26474666595459
8.878472328186035
10.311975479125977
8.608453750610352
9.434995651245117
10.59280014038086
8.83919906616211
9.249826431274414
10.040777206420898
10.051056861877441
9.29410171508789
10.233290672302246
9.048027038574219
8.770515441894531
8.850828170776367
8.611598014831543
10.509488105773926
9.516297340393066
9.822830200195312
8.864226341247559
9.619281768798828
8.565387725830078
11.48570442199707
10.373798370361328
8.84640884399414
9.659154891967773
9.953378677368164
10.87928295135498
9.124916076660156
9.177748680114746
8.97807502746582
11.7877836227417
11.605451583862305
8.51363754272461
10.126758575439453
10.366938591003418
10.898566246032715
9.588008880615234
8.472921371459961
10.649324417114258
10.716203689575195
10.419048309326172
9.032975196838379
9.291849136352539
9.512502670288086
10.818848609924316
10.576905250549316
9.906957626342773
12.294055938720703
9.433401107788086
8.430447578430176
9.687766075134277
9.51805305480957
9.68864917755127
10.227812767028809
8.338626861572266
9.30732536315918
9.462791442871094
9.156866073608398
9.388833045959473
9.3633451461792
11.501917839050293
10.473663330078125
9.862372398376465
9.512662887573242
8.936692237854004
9.306896209716797
12.048127174377441
10.18156909942627
9.846138954162598
11.667283058166504
11.614453315734863
10.317320823669434
11.73326301574707
8.367748260498047
10.785719871520996
10.184982299804688
8.968328475952148
11.41874885559082
8.585655212402344
8.668851852416992
9.360111236572266
9.375922203063965
9.975838661193848
9.153777122497559
8.921448707580566
11.758285522460938
9.57651138305664
11.577264785766602
10.049858093261719
10.795042037963867
10.722126960754395
10.07949447631836
11.304619789123535
11.041455268859863
11.389506340026855
8.441783905029297
11.313523292541504
9.85752010345459
10.112144470214844
8.730342864990234
9.112531661987305
8.892656326293945
9.471240043640137
11.487555503845215
8.827457427978516
11.687795639038086
11.417762756347656
9.67524528503418
9.762587547302246
11.147173881530762
9.231327056884766
9.707967758178711
10.283825874328613
11.020831108093262
8.703970909118652
11.290922164916992
9.813780784606934
10.112966537475586
13.196880340576172
8.751310348510742
10.017852783203125
8.633996963500977
9.393701553344727
10.4105863571167
9.949920654296875
9.346902847290039
10.503417015075684
11.153385162353516
8.795510292053223
10.11335563659668
8.357330322265625
9.122783660888672
10.563627243041992
9.068025588989258
9.62859058380127
8.882484436035156
8.414177894592285
11.094420433044434
11.319469451904297
9.523406982421875
9.544708251953125
9.94618034362793
9.2778959274292
9.116511344909668
8.723335266113281
9.219666481018066
8.390419006347656
12.1322660446167
10.603034019470215
9.157302856445312
9.045977592468262
10.55289363861084
9.352981567382812
9.852652549743652
9.058664321899414
9.541053771972656
9.710580825805664
11.459887504577637
9.973715782165527
12.157898902893066
10.967536926269531
9.526091575622559
10.704753875732422
9.686965942382812
10.104939460754395
9.387385368347168
8.25456428527832
9.32323932647705
11.50623607635498
9.541621208190918
9.742161750793457
10.498662948608398
10.722142219543457
8.804847717285156
9.564087867736816
8.883173942565918
11.356884002685547
13.234119415283203
9.734166145324707
10.116130828857422
10.922755241394043
10.361373901367188
10.685850143432617
9.698230743408203
10.888739585876465
11.450173377990723
12.833855628967285
10.533546447753906
8.956277847290039
10.318857192993164
8.758245468139648
9.126599311828613
11.538358688354492
9.794990539550781
9.82834243774414
8.783976554870605
8.964920997619629
8.409459114074707
9.114584922790527
9.386506080627441
12.621006965637207
9.10759162902832
10.29911994934082
9.776276588439941
10.646024703979492
8.333447456359863
9.202430725097656
8.721220970153809
8.810300827026367
9.279369354248047
13.079533576965332
9.270027160644531
9.112081527709961
8.288583755493164
11.44084644317627
11.398077964782715
8.426594734191895
9.028107643127441
9.419170379638672
9.168195724487305
8.91787052154541
12.02871036529541
10.916842460632324
8.909619331359863
12.414706230163574
9.620603561401367
10.552083015441895
8.178943634033203
9.247593879699707
8.814416885375977
10.158005714416504
9.646788597106934
10.272180557250977
11.616411209106445
8.869831085205078
9.777207374572754
8.346944808959961
8.583695411682129
10.196810722351074
8.677070617675781
9.435680389404297
12.000998497009277
11.120678901672363
8.93819808959961
8.977925300598145
9.200451850891113
9.063687324523926
12.537389755249023
11.508092880249023
10.915814399719238
9.121712684631348
9.46922779083252
9.660453796386719
10.141340255737305
12.012951850891113
9.75027084350586
8.742891311645508
8.63117504119873
10.048095703125
10.166528701782227
8.899862289428711
11.520029067993164
9.634303092956543
9.409444808959961
9.334320068359375
7.798050403594971
9.228496551513672
9.95875358581543
8.54842758178711
10.8004789352417
9.804417610168457
9.976888656616211
12.446921348571777
9.913541793823242
12.569099426269531
9.068613052368164
9.271733283996582
10.502224922180176
10.83559799194336
10.047995567321777
9.297017097473145
9.15617847442627
12.597784042358398
10.960906982421875
10.98791790008545
8.858999252319336
8.445354461669922
9.73245906829834
10.02711009979248
8.409744262695312
11.005271911621094
8.671316146850586
10.145833015441895
9.221755027770996
8.978906631469727
12.92401123046875
10.30865478515625
12.06617259979248
9.941468238830566
12.239368438720703
10.109411239624023
9.616169929504395
8.509925842285156
8.866324424743652
8.92742919921875
10.004300117492676
9.949013710021973
12.413749694824219
8.341140747070312
8.770466804504395
8.277901649475098
10.796341896057129
10.670211791992188
9.447783470153809
10.652254104614258
10.9487943649292
11.307841300964355
10.672089576721191
11.333050727844238
9.427007675170898
10.251052856445312
10.529756546020508
9.195219039916992
9.903145790100098
8.248671531677246
11.231861114501953
11.863897323608398
9.848217964172363
10.509249687194824
10.129681587219238
8.610467910766602
9.074700355529785
9.134574890136719
10.690314292907715
10.45960807800293
8.904603004455566
11.68008804321289
11.472091674804688
10.39423656463623
10.376876831054688
9.615007400512695
8.680013656616211
9.032853126525879
9.66390609741211
9.521994590759277
9.03974437713623
9.485437393188477
8.734689712524414
9.2664213180542
9.207792282104492
8.87738037109375
9.251554489135742
11.687402725219727
9.69272518157959
9.002988815307617
9.807796478271484
10.015934944152832
12.283564567565918
12.331937789916992
8.43730354309082
9.609037399291992
10.842341423034668
12.712902069091797
9.632308959960938
9.461858749389648
12.1779203414917
9.735445976257324
10.151266098022461
8.886921882629395
10.2970552444458
9.131044387817383
10.843313217163086
9.442058563232422
9.219297409057617
11.117539405822754
8.522063255310059
10.924195289611816
10.825043678283691
10.414993286132812
9.514204025268555
10.122686386108398
9.632222175598145
8.914739608764648
9.196953773498535
9.23564624786377
9.732780456542969
10.502723693847656
8.21989631652832
9.53029727935791
8.292800903320312
8.608464241027832
9.640844345092773
10.114724159240723
10.707090377807617
9.365735054016113
9.624155044555664
9.03808879852295
10.4960298538208
10.26043701171875
8.667240142822266
10.933757781982422
8.706159591674805
9.769562721252441
9.338621139526367
11.392866134643555
10.76581859588623
10.196442604064941
10.325451850891113
9.604354858398438
9.737529754638672
11.47701644897461
9.147720336914062
8.57058334350586
8.82395076751709
8.529297828674316
13.399062156677246
9.643905639648438
12.188878059387207
8.49314022064209
9.180257797241211
9.309714317321777
10.668724060058594
8.722001075744629
9.781193733215332
9.504469871520996
9.583484649658203
9.581021308898926
10.900168418884277
11.56533432006836
8.597517013549805
9.187482833862305
8.324258804321289
10.25117301940918
9.121013641357422
9.602676391601562
10.5431489944458
9.791601181030273
9.906479835510254
8.930769920349121
9.584300994873047
12.761383056640625
10.168413162231445
10.490913391113281
10.657191276550293
9.622042655944824
11.625541687011719
10.79728889465332
9.713005065917969
8.315319061279297
11.769037246704102
11.253923416137695
9.651895523071289
9.05104923248291
9.472875595092773
9.46569538116455
10.27141284942627
9.660296440124512
9.21549129486084
9.314437866210938
10.993637084960938
11.372325897216797
9.603795051574707
8.881464004516602
10.887411117553711
9.735953330993652
12.043538093566895
11.047603607177734
12.313108444213867
11.561240196228027
10.168950080871582
8.324634552001953
8.954177856445312
9.167163848876953
8.67566204071045
9.648811340332031
9.09105396270752
8.763928413391113
8.947602272033691
8.246685981750488
9.867823600769043
10.300765037536621
9.694831848144531
12.530406951904297
9.940092086791992
12.203627586364746
12.296525955200195
9.93253231048584
10.11308765411377
11.64645004272461
10.813714981079102
8.880358695983887
9.334954261779785
13.200815200805664
8.98741626739502
8.961822509765625
10.14253044128418
8.211719512939453
9.095037460327148
10.723114967346191
11.502861022949219
8.603501319885254
10.863737106323242
9.58613109588623
11.927467346191406
9.235294342041016
11.278436660766602
12.593832015991211
8.617183685302734
8.897093772888184
11.655582427978516
13.103998184204102
10.329239845275879
10.132092475891113
10.344921112060547
8.809281349182129
10.30456256866455
9.154947280883789
11.052658081054688
9.351762771606445
10.618644714355469
9.857367515563965
10.951332092285156
11.823334693908691
9.266901969909668
11.165420532226562
10.605231285095215
12.78107738494873
10.5177640914917
12.877571105957031
11.514365196228027
10.163999557495117
9.704802513122559
10.411205291748047
9.598224639892578
8.486241340637207
12.301234245300293
9.887879371643066
12.252111434936523
9.340331077575684
9.01346206665039
8.79791259765625
11.050965309143066
10.24919319152832
11.974010467529297
11.060011863708496
10.980979919433594
10.482892036437988
10.637308120727539
9.193525314331055
10.926188468933105
10.148193359375
8.670881271362305
9.48669147491455
12.159883499145508
11.44876766204834
9.655038833618164
8.642428398132324
9.168485641479492
9.626155853271484
10.38123607635498
9.873114585876465
9.60847282409668
13.280928611755371
8.461766242980957
8.761049270629883
10.345224380493164
11.269049644470215
9.367069244384766
10.45477294921875
8.660285949707031
9.016716957092285
8.734268188476562
10.495461463928223
10.579032897949219
9.9193696975708
8.575135231018066
8.11353874206543
10.625856399536133
8.961538314819336
9.12660026550293
11.056923866271973
9.414060592651367
9.214385032653809
10.212745666503906
8.88292407989502
8.259511947631836
8.957489013671875
12.832807540893555
8.729907989501953
13.864935874938965
12.118684768676758
9.745546340942383
10.859832763671875
8.917842864990234
9.964153289794922
8.49963665008545
11.828238487243652
9.144259452819824
10.374591827392578
11.409502983093262
11.150124549865723
8.73327922821045
9.562203407287598
8.89062786102295
10.870948791503906
11.223396301269531
8.956649780273438
9.318479537963867
10.307488441467285
9.057278633117676
8.876912117004395
9.180675506591797
11.84101676940918
10.954745292663574
9.979179382324219
9.866249084472656
10.20400619506836
8.503562927246094
8.830477714538574
9.731762886047363
11.103403091430664
11.243515968322754
8.571517944335938
10.8495454788208
11.146944999694824
9.128667831420898
8.748807907104492
10.724289894104004
11.954399108886719
9.6903715133667
9.305624008178711
11.091019630432129
8.656805038452148
10.530413627624512
8.828169822692871
9.21616268157959
8.896509170532227
9.262638092041016
11.20323657989502
11.455382347106934
10.433355331420898
10.124650001525879
9.551527976989746
11.828410148620605
8.459503173828125
10.474957466125488
9.920145988464355
9.087359428405762
8.640113830566406
9.934818267822266
10.4439115524292
9.076591491699219
11.512662887573242
10.023444175720215
10.39952564239502
11.002717971801758
9.33528995513916
10.14216423034668
10.617596626281738
9.472152709960938
9.68370246887207
12.181994438171387
9.189547538757324
9.291454315185547
10.326269149780273
8.437975883483887
11.431245803833008
10.861063003540039
9.126087188720703
9.501564979553223
11.537353515625
10.479344367980957
10.2150297164917
9.389474868774414
10.68952465057373
9.08602237701416
9.289342880249023
10.181499481201172
10.811869621276855
10.746601104736328
10.572660446166992
10.270746231079102
8.820150375366211
13.61219596862793
9.53048038482666
8.585993766784668
8.76565170288086
9.829010963439941
9.728233337402344
11.34048843383789
10.879815101623535
10.439268112182617
10.30018138885498
10.301712989807129
9.144904136657715
10.880300521850586
9.580883026123047
9.490337371826172
10.49384593963623
9.2094144821167
9.22242259979248
9.131028175354004
9.809844017028809
10.373311042785645
11.170536994934082
8.823624610900879
8.58513069152832
9.690832138061523
11.138461112976074
10.59182071685791
8.624747276306152
10.084009170532227
8.534616470336914
10.78586196899414
11.618310928344727
10.75350284576416
12.300298690795898
10.295047760009766
8.634033203125
8.324142456054688
9.31997299194336
9.108773231506348
8.723339080810547
9.537555694580078
10.328106880187988
10.534876823425293
11.792136192321777
9.101897239685059
11.272500991821289
9.107992172241211
10.434847831726074
10.77766227722168
9.356547355651855
8.794322967529297
11.64287281036377
8.955434799194336
9.158510208129883
11.26542854309082
10.200637817382812
10.825682640075684
9.85065746307373
9.407862663269043
10.949203491210938
9.311873435974121
11.068946838378906
10.86019229888916
10.10563850402832
8.905071258544922
9.091843605041504
12.731389045715332
9.215494155883789
11.522465705871582
10.537613868713379
10.049437522888184
8.75328254699707
8.478961944580078
10.34355640411377
9.779304504394531
8.86717700958252
10.057735443115234
10.51688289642334
8.254249572753906
10.118654251098633
9.829383850097656
11.90756893157959
8.327105522155762
11.964191436767578
9.058744430541992
9.593668937683105
9.217599868774414
8.4472074508667
9.61812973022461
8.772672653198242
9.154874801635742
10.184965133666992
9.982954025268555
8.567996978759766
9.132516860961914
10.212924003601074
9.603275299072266
8.09014892578125
8.270160675048828
9.79295539855957
8.864341735839844
10.213619232177734
10.857426643371582
9.532886505126953
9.45787525177002
10.293257713317871
10.675336837768555
9.725032806396484
10.387019157409668
9.696645736694336
12.482746124267578
12.19729995727539
11.248735427856445
10.041632652282715
9.176197052001953
9.650102615356445
9.507522583007812
13.08218002319336
9.476715087890625
10.980595588684082
9.826963424682617
11.131607055664062
10.178544044494629
9.921159744262695
10.268610000610352
10.143606185913086
13.551464080810547
9.519087791442871
11.965662002563477
10.690427780151367
10.693033218383789
11.623711585998535
9.58728313446045
8.448311805725098
10.690555572509766
8.998458862304688
10.80966567993164
8.63835620880127
9.363597869873047
10.724660873413086
10.179218292236328
11.037891387939453
13.328306198120117
9.54283618927002
10.165654182434082
8.428186416625977
9.4585542678833
8.57507038116455
11.275975227355957
9.068981170654297
9.929447174072266
8.535989761352539
10.624544143676758
11.579631805419922
9.585944175720215
9.713138580322266
8.534710884094238
9.191377639770508
11.029192924499512
9.178380966186523
11.382452964782715
8.653005599975586
8.95044994354248
8.487408638000488
11.423476219177246
10.801000595092773
9.23326587677002
8.713855743408203
8.847009658813477
10.316922187805176
9.110158920288086
10.950850486755371
10.365894317626953
10.660598754882812
8.663573265075684
8.697540283203125
9.02746868133545
11.184980392456055
9.088676452636719
11.0855712890625
10.376279830932617
9.787588119506836
9.932951927185059
9.704183578491211
9.172632217407227
9.988773345947266
9.747712135314941
9.658236503601074
9.273539543151855
9.761544227600098
10.31528091430664
10.044548988342285
11.045881271362305
8.620835304260254
12.377469062805176
9.815266609191895
11.919337272644043
11.781259536743164
11.2094087600708
11.206398010253906
13.587076187133789
9.314762115478516
10.207509994506836
8.787691116333008
11.21662425994873
9.235158920288086
9.792770385742188
9.414999008178711
11.546957969665527
10.556385040283203
9.766880989074707
11.582767486572266
12.128612518310547
9.371381759643555
9.020991325378418
9.146690368652344
11.775528907775879
8.891066551208496
9.764566421508789
9.266440391540527
9.582453727722168
10.772894859313965
11.475296020507812
9.546892166137695
10.059897422790527
10.808510780334473
9.927772521972656
8.606109619140625
8.710809707641602
10.658002853393555
8.108745574951172
10.755830764770508
8.622257232666016
8.015817642211914
8.921843528747559
9.826491355895996
8.670976638793945
9.69941520690918
8.966697692871094
9.177292823791504
9.024869918823242
11.208972930908203
10.449108123779297
10.004637718200684
8.588375091552734
9.044429779052734
8.736814498901367
8.54354190826416
8.514967918395996
9.94696044921875
10.798476219177246
9.76578426361084
8.78258991241455
9.051008224487305
10.0529146194458
11.925389289855957
11.02835750579834
11.772542953491211
9.507469177246094
9.879788398742676
11.464146614074707
9.138062477111816
10.55955696105957
10.835782051086426
10.558609962463379
10.55423641204834
8.907455444335938
10.878547668457031
9.241283416748047
9.224662780761719
9.386076927185059
10.348068237304688
8.270601272583008
8.357950210571289
11.03906536102295
9.359053611755371
10.231250762939453
10.217667579650879
9.694681167602539
8.570269584655762
11.206555366516113
11.02125358581543
9.01453971862793
9.106633186340332
10.015632629394531
8.96534538269043
9.683156967163086
11.890628814697266
10.747574806213379
8.365659713745117
12.11307430267334
11.725611686706543
11.841928482055664
10.875268936157227
9.654337882995605
9.71949577331543
9.222028732299805
10.955623626708984
9.867082595825195
10.500679969787598
9.017800331115723
9.177329063415527
9.146478652954102
9.526477813720703
10.39176082611084
11.008805274963379
10.105264663696289
9.452713012695312
10.625090599060059
10.042298316955566
11.383844375610352
8.125505447387695
10.121949195861816
11.624825477600098
10.387484550476074
8.695937156677246
11.699356079101562
9.060929298400879
10.386634826660156
9.73990249633789
8.455033302307129
8.322742462158203
7.874965667724609
10.779699325561523
9.6885347366333
9.301158905029297
10.733210563659668
8.9437837600708
12.700817108154297
10.623963356018066
9.107335090637207
11.437213897705078
9.76125431060791
11.808517456054688
8.983248710632324
11.197042465209961
12.15634536743164
8.86331844329834
10.379887580871582
9.20784854888916
9.22492790222168
10.700003623962402
10.568387031555176
8.984734535217285
9.536867141723633
8.584548950195312
9.881999969482422
9.244477272033691
12.57369613647461
11.715795516967773
9.423419952392578
9.016036987304688
10.85280704498291
10.028368949890137
9.890765190124512
8.826964378356934
10.017965316772461
8.083769798278809
8.340718269348145
9.54007625579834
10.561665534973145
9.53779411315918
11.191642761230469
9.586502075195312
9.702905654907227
8.389728546142578
10.861955642700195
9.080663681030273
11.260302543640137
11.32871150970459
10.72739315032959
12.001419067382812
10.99747371673584
10.83113956451416
9.293574333190918
10.106796264648438
10.216594696044922
9.825118064880371
10.258406639099121
11.389008522033691
8.758356094360352
9.531039237976074
9.427753448486328
8.82219409942627
10.14644718170166
9.001070022583008
9.155556678771973
9.099708557128906
10.712183952331543
9.855352401733398
8.863292694091797
9.534423828125
9.594254493713379
9.951441764831543
9.504743576049805
10.639859199523926
11.756425857543945
9.79159164428711
8.975090026855469
9.483996391296387
11.309307098388672
8.854345321655273
10.025785446166992
10.918509483337402
9.484599113464355
9.835149765014648
9.376312255859375
12.129596710205078
8.816811561584473
9.578821182250977
8.72276496887207
9.19736385345459
8.190380096435547
8.788411140441895
10.154574394226074
8.556440353393555
10.872424125671387
8.91181468963623
10.331473350524902
9.663299560546875
11.802163124084473
9.25904369354248
9.109903335571289
8.966118812561035
9.962607383728027
9.415120124816895
10.1244478225708
8.950166702270508
11.027661323547363
8.18435001373291
10.127565383911133
8.656511306762695
10.202873229980469
9.749533653259277
9.371767044067383
8.490888595581055
10.348224639892578
8.89339828491211
9.82200813293457
8.891570091247559
11.643827438354492
8.224103927612305
11.290384292602539
10.081937789916992
9.720876693725586
10.478215217590332
10.008563041687012
10.839139938354492
9.295783996582031
9.840422630310059
10.561742782592773
8.282164573669434
9.989681243896484
9.615467071533203
9.60940170288086
9.16426944732666
9.478747367858887
9.609914779663086
9.888483047485352
11.93678092956543
8.912233352661133
9.936759948730469
10.651737213134766
10.63273811340332
8.991523742675781
8.739408493041992
9.478620529174805
11.971163749694824
8.032279014587402
9.294012069702148
9.827388763427734
10.585005760192871
11.36909294128418
10.407299995422363
9.026338577270508
8.982752799987793
9.302077293395996
11.621678352355957
10.381972312927246
9.068094253540039
9.58661937713623
10.888975143432617
11.926868438720703
10.279367446899414
9.529004096984863
9.063029289245605
13.658173561096191
8.843964576721191
9.201218605041504
11.306570053100586
9.16542911529541
9.247245788574219
8.354650497436523
10.003212928771973
9.155070304870605
10.11899471282959
9.78183364868164
9.32855224609375
10.523833274841309
9.970026016235352
9.6462984085083
9.646064758300781
11.345816612243652
11.018001556396484
8.541845321655273
11.206583023071289
8.799834251403809
10.287028312683105
10.70272159576416
10.727338790893555
8.086973190307617
9.186424255371094
9.418596267700195
8.915179252624512
9.395678520202637
10.127013206481934
8.906929016113281
10.157084465026855
9.459207534790039
9.421812057495117
11.375020980834961
10.940190315246582
12.062230110168457
12.458466529846191
11.107604026794434
8.86888599395752
9.741823196411133
9.511384010314941
10.803930282592773
9.881787300109863
8.329776763916016
11.685276985168457
8.045780181884766
9.102128028869629
9.660531044006348
8.499605178833008
9.418922424316406
8.500419616699219
10.221149444580078
9.745410919189453
10.031922340393066
11.308539390563965
8.620112419128418
8.988231658935547
8.086307525634766
8.346034049987793
12.513059616088867
11.01783275604248
10.893982887268066
9.199517250061035
9.900365829467773
13.099063873291016
11.207794189453125
8.682073593139648
8.847346305847168
10.35574722290039
12.867919921875
10.008979797363281
8.508987426757812
10.045875549316406
11.129354476928711
8.638795852661133
9.149166107177734
9.27218246459961
8.509998321533203
10.683464050292969
8.634427070617676
11.230671882629395
11.336071014404297
9.245930671691895
12.777782440185547
10.302210807800293
9.614954948425293
11.233285903930664
8.679421424865723
10.289702415466309
11.279723167419434
13.138715744018555
9.080397605895996
11.607146263122559
10.038536071777344
10.403801918029785
8.535735130310059
11.0759916305542
10.019622802734375
8.644590377807617
9.984182357788086
11.21436882019043
10.39369010925293
11.832761764526367
10.430893898010254
10.29853630065918
9.791056632995605
9.248733520507812
8.510453224182129
10.276256561279297
8.999391555786133
9.55260944366455
8.840868949890137
10.109990119934082
9.29810619354248
8.942717552185059
11.014595985412598
9.120855331420898
12.009934425354004
9.653027534484863
9.080965042114258
13.321895599365234
11.75344181060791
10.189318656921387
10.617549896240234
11.509214401245117
8.68807601928711
11.302734375
12.383306503295898
10.60014820098877
8.612316131591797
12.335758209228516
8.839829444885254
10.711820602416992
10.471769332885742
11.153036117553711
8.988388061523438
9.14962387084961
9.022260665893555
11.078795433044434
8.953670501708984
9.027885437011719
9.102197647094727
9.7345552444458
8.353967666625977
8.472217559814453
9.089239120483398
10.488283157348633
9.030086517333984
9.929276466369629
12.14778995513916
8.513813972473145
10.048796653747559
8.525205612182617
11.72477912902832
8.752470970153809
9.341309547424316
9.458072662353516
9.377752304077148
13.525775909423828
9.001092910766602
8.734025001525879
9.838973999023438
9.751812934875488
8.510663986206055
8.986940383911133
10.246637344360352
10.973403930664062
11.1971435546875
9.706557273864746
11.131251335144043
11.125293731689453
8.510655403137207
9.842869758605957
10.508783340454102
8.891788482666016
10.709199905395508
8.55774974822998
8.565428733825684
9.045327186584473
9.712677001953125
10.575457572937012
9.22079086303711
9.637240409851074
10.79698657989502
9.70587158203125
9.22381591796875
10.747647285461426
10.769401550292969
12.822826385498047
12.485671043395996
9.435005187988281
9.595938682556152
8.802665710449219
11.259515762329102
10.155709266662598
8.82645034790039
8.567283630371094
9.509937286376953
8.941129684448242
10.066518783569336
10.728597640991211
9.524069786071777
8.59118938446045
11.030444145202637
8.588093757629395
9.3748140335083
9.491996765136719
9.39083480834961
10.386454582214355
9.37354850769043
10.075895309448242
10.276351928710938
10.120125770568848
9.062263488769531
9.226058006286621
10.587678909301758
11.341153144836426
8.506537437438965
10.672934532165527
8.680678367614746
15.007704734802246
8.4681978225708
10.879495620727539
8.385743141174316
10.880960464477539
9.080562591552734
9.844033241271973
10.842663764953613
9.430747032165527
9.308046340942383
9.403143882751465
11.448953628540039
8.520026206970215
11.567119598388672
9.668150901794434
11.985750198364258
10.309349060058594
10.057973861694336
9.938490867614746
11.743066787719727
8.8019437789917
11.40318489074707
9.614131927490234
11.521933555603027
11.54919147491455
9.467000007629395
9.676886558532715
8.34085464477539
9.805468559265137
10.934670448303223
12.313825607299805
13.918397903442383
10.75744915008545
11.22938346862793
10.42489242553711
9.898645401000977
8.839945793151855
10.972070693969727
11.303176879882812
8.869744300842285
12.241188049316406
8.175415992736816
9.207422256469727
10.675891876220703
9.41273021697998
8.852578163146973
8.652015686035156
9.2616548538208
11.072651863098145
10.96175479888916
10.798927307128906
8.963412284851074
14.054261207580566
8.987110137939453
11.448426246643066
8.996496200561523
9.91594123840332
10.31028938293457
9.56589412689209
8.118705749511719
9.755001068115234
9.563896179199219
12.685361862182617
10.541924476623535
12.035935401916504
9.269410133361816
11.093263626098633
10.019987106323242
11.264532089233398
8.404256820678711
9.730921745300293
8.863696098327637
9.092401504516602
10.685035705566406
12.0995512008667
10.52021598815918
10.557802200317383
9.895864486694336
9.315057754516602
10.196138381958008
9.948888778686523
10.179673194885254
10.224624633789062
9.436695098876953
8.59888744354248
8.911710739135742
8.4010009765625
10.689835548400879
10.138744354248047
8.58736515045166
10.972392082214355
10.894710540771484
13.704989433288574
8.994976043701172
10.18796443939209
9.724014282226562
8.576664924621582
10.965021133422852
8.679450988769531
9.747425079345703
9.542119979858398
9.371221542358398
10.755351066589355
9.644331932067871
8.113920211791992
8.743762016296387
9.40396499633789
13.630061149597168
9.391401290893555
11.189939498901367
10.073439598083496
10.358859062194824
9.443103790283203
9.558502197265625
10.046857833862305
10.85242748260498
9.422271728515625
10.301660537719727
9.428049087524414
9.025583267211914
8.907744407653809
10.124320030212402
9.46879768371582
9.994319915771484
9.59588623046875
9.88221263885498
11.941679954528809
9.910622596740723
10.523117065429688
10.84780216217041
11.088743209838867
8.88343620300293
13.687487602233887
11.442484855651855
11.724947929382324
11.080580711364746
9.45202350616455
8.63459587097168
10.189547538757324
10.544341087341309
10.067931175231934
9.517781257629395
8.694575309753418
8.462664604187012
8.89778995513916
11.065801620483398
10.706778526306152
10.705028533935547
9.708148956298828
11.249256134033203
9.806166648864746
11.57608699798584
9.49527645111084
8.868136405944824
8.811041831970215
10.684679985046387
9.970619201660156
11.747356414794922
8.916244506835938
7.896259307861328
10.646467208862305
8.607569694519043
11.411664962768555
9.72877311706543
9.843843460083008
10.210026741027832
10.051471710205078
10.991917610168457
12.043218612670898
9.324152946472168
8.673750877380371
8.409847259521484
8.846968650817871
8.703401565551758
9.540961265563965
11.458171844482422
8.938881874084473
11.825736045837402
10.85472583770752
10.14383316040039
9.503628730773926
10.333945274353027
9.423877716064453
11.807929039001465
8.368309020996094
13.08337688446045
9.480315208435059
10.822135925292969
9.36355972290039
8.83897590637207
9.125836372375488
10.209854125976562
11.619876861572266
9.144753456115723
9.416550636291504
10.484197616577148
9.23731803894043
9.296428680419922
9.592231750488281
9.727849960327148
8.46837043762207
9.055180549621582
9.628515243530273
11.864126205444336
9.875432968139648
8.467409133911133
10.7883939743042
9.558268547058105
9.53334903717041
8.626921653747559
10.116070747375488
8.621618270874023
8.930573463439941
9.500669479370117
11.787751197814941
9.87704086303711
10.836048126220703
9.60675048828125
9.760716438293457
9.045711517333984
8.495797157287598
10.846806526184082
9.836492538452148
9.941434860229492
12.010107040405273
10.509427070617676
10.009140014648438
9.322245597839355
11.322166442871094
9.49609375
8.095026969909668
9.135812759399414
11.756799697875977
12.658123970031738
8.659952163696289
10.074164390563965
10.359395980834961
8.407949447631836
9.643421173095703
10.618887901306152
9.32735538482666
11.968356132507324
9.220623016357422
8.365106582641602
10.864145278930664
12.411130905151367
11.766728401184082
10.72093391418457
11.131546020507812
9.732553482055664
11.26418399810791
13.350214958190918
10.05138111114502
12.277658462524414
11.874540328979492
9.489288330078125
9.5457181930542
11.176200866699219
9.07262134552002
11.520909309387207
9.762153625488281
9.121048927307129
10.728533744812012
13.519792556762695
14.081990242004395
12.006477355957031
13.541146278381348
9.273454666137695
8.230094909667969
11.290351867675781
10.12747573852539
11.642394065856934
12.138507843017578
8.609006881713867
8.909891128540039
10.974092483520508
12.108474731445312
9.110486030578613
8.799796104431152
9.500244140625
10.160958290100098
13.527057647705078
11.758381843566895
10.747560501098633
11.011998176574707
8.596653938293457
10.995755195617676
10.402361869812012
9.96419620513916
10.967708587646484
8.867034912109375
8.636009216308594
11.750066757202148
9.368565559387207
9.3024320602417
8.398418426513672
9.098602294921875
11.536970138549805
11.497529029846191
10.81340217590332
11.677366256713867
9.577759742736816
9.314525604248047
10.140338897705078
8.525335311889648
8.911088943481445
10.918713569641113
11.067978858947754
10.960054397583008
9.3673734664917
9.207623481750488
9.876388549804688
9.165860176086426
10.786316871643066
12.835009574890137
8.983804702758789
11.73706340789795
11.539546012878418
10.658101081848145
10.648491859436035
8.780450820922852
10.90877914428711
8.779413223266602
10.246526718139648
9.601356506347656
8.943765640258789
9.920051574707031
8.518810272216797
10.006197929382324
10.690706253051758
10.904169082641602
10.437542915344238
8.66618824005127
9.279848098754883
11.044382095336914
11.570412635803223
8.921630859375
11.595288276672363
9.424976348876953
9.00524616241455
9.270751953125
12.256454467773438
10.418073654174805
9.831611633300781
9.62329387664795
13.206892967224121
10.660682678222656
10.156524658203125
10.678059577941895
10.56281852722168
11.407750129699707
8.860735893249512
9.820456504821777
11.859123229980469
12.286125183105469
9.579516410827637
10.762104988098145
8.85879135131836
11.359928131103516
10.341166496276855
10.793232917785645
8.682891845703125
11.343326568603516
10.152207374572754
12.905848503112793
10.858678817749023
9.953529357910156
9.37789535522461
9.445377349853516
8.715972900390625
10.156953811645508
8.961277961730957
8.937660217285156
9.39570140838623
9.665664672851562
10.201386451721191
11.429426193237305
9.389328956604004
10.734830856323242
12.300992012023926
8.527867317199707
11.54239559173584
8.68216323852539
10.075021743774414
9.763480186462402
8.148609161376953
9.55657958984375
9.773331642150879
10.528578758239746
9.003746032714844
9.51608657836914
10.364542007446289
13.244207382202148
8.644840240478516
10.974214553833008
9.979439735412598
10.440868377685547
11.580000877380371
9.452448844909668
10.709707260131836
9.919533729553223
9.212468147277832
9.06793212890625
10.366756439208984
8.359502792358398
10.206591606140137
9.049897193908691
8.701611518859863
9.159290313720703
9.614741325378418
9.565723419189453
9.96628189086914
9.32726001739502
11.317498207092285
8.837214469909668
10.952808380126953
10.918119430541992
9.10656452178955
10.218111991882324
9.874849319458008
9.15013599395752
9.418047904968262
8.68202018737793
11.404168128967285
9.110725402832031
8.523680686950684
8.798791885375977
9.935102462768555
11.727357864379883
8.692901611328125
9.950501441955566
8.709688186645508
9.65173625946045
10.351542472839355
9.00466537475586
9.13093376159668
8.944257736206055
11.776616096496582
9.11921215057373
10.292238235473633
8.240553855895996
8.55439567565918
9.457117080688477
9.513121604919434
10.52006721496582
8.384892463684082
10.969991683959961
8.463066101074219
10.473727226257324
10.629947662353516
9.903947830200195
13.512323379516602
9.61372184753418
11.390384674072266
12.692248344421387
12.986539840698242
10.685351371765137
9.59310531616211
9.235694885253906
11.475351333618164
9.500362396240234
10.33187484741211
9.59796142578125
8.800267219543457
8.382347106933594
9.622884750366211
10.521525382995605
11.843318939208984
10.685952186584473
8.191596031188965
8.974092483520508
9.072782516479492
11.790373802185059
7.835559844970703
10.30343246459961
8.685933113098145
12.095476150512695
10.486639022827148
9.749403953552246
9.962369918823242
10.35306167602539
10.13965892791748
10.919123649597168
8.694733619689941
8.700542449951172
10.206473350524902
12.588775634765625
11.560872077941895
8.85189437866211
8.81135368347168
10.108556747436523
10.788354873657227
10.241077423095703
9.098398208618164
12.069852828979492
9.124795913696289
12.136112213134766
12.214706420898438
10.259992599487305
9.33279800415039
9.899697303771973
10.006467819213867
8.734858512878418
10.663209915161133
10.517852783203125
8.035881042480469
8.602214813232422
9.502246856689453
10.321365356445312
9.937413215637207
8.933504104614258
8.146750450134277
10.133949279785156
9.936393737792969
10.625702857971191
12.569421768188477
8.857842445373535
10.580909729003906
9.10871696472168
10.342153549194336
10.680702209472656
10.602184295654297
9.832510948181152
11.381781578063965
10.793461799621582
9.992653846740723
9.026596069335938
13.986495018005371
8.579832077026367
10.651345252990723
8.446145057678223
10.829172134399414
9.948732376098633
12.129633903503418
8.374122619628906
10.808999061584473
9.378238677978516
10.420632362365723
9.3220796585083
9.919502258300781
11.705008506774902
9.104815483093262
10.896096229553223
12.667037963867188
9.599407196044922
11.494372367858887
10.464837074279785
10.324556350708008
10.161211013793945
11.962284088134766
12.4495849609375
10.624553680419922
10.085113525390625
10.242120742797852
9.542242050170898
9.709213256835938
9.103591918945312
11.941221237182617
8.829998970031738
9.999302864074707
10.137979507446289
8.940347671508789
9.559263229370117
10.86170768737793
8.1589937210083
9.838125228881836
8.941673278808594
10.344527244567871
10.155060768127441
8.646610260009766
9.179146766662598
9.15018367767334
9.369754791259766
12.173624992370605
9.334539413452148
10.38267707824707
9.13544750213623
9.66047477722168
9.98266887664795
9.2584228515625
9.923990249633789
9.89396858215332
12.35515308380127
8.65234661102295
9.321030616760254
9.4277925491333
9.468047142028809
8.079248428344727
9.64532470703125
9.0678071975708
8.767065048217773
10.359989166259766
9.419763565063477
9.552762031555176
9.6470365524292
8.917272567749023
11.661524772644043
10.747838020324707
9.708581924438477
11.070409774780273
9.17222785949707
9.167739868164062
10.99735164642334
8.703604698181152
9.513469696044922
11.542165756225586
8.93656063079834
9.394733428955078
9.961262702941895
9.67080307006836
9.216201782226562
9.825724601745605
11.651907920837402
8.50485897064209
9.623451232910156
9.22378158569336
8.833003997802734
10.647956848144531
11.286495208740234
10.520666122436523
8.51799488067627
10.683232307434082
9.825029373168945
11.464188575744629
11.511189460754395
9.525192260742188
9.994086265563965
11.391504287719727
9.212493896484375
13.986787796020508
9.365862846374512
9.000286102294922
8.580521583557129
9.390175819396973
9.823169708251953
9.695286750793457
9.841869354248047
8.018653869628906
8.75727653503418
8.438287734985352
9.823356628417969
9.042380332946777
9.42485523223877
10.595817565917969
10.499805450439453
9.670473098754883
9.895746231079102
10.250533103942871
10.36739730834961
9.816658973693848
10.091168403625488
10.514289855957031
10.669483184814453
9.65713882446289
11.286953926086426
11.554032325744629
10.453997611999512
9.253926277160645
8.82467269897461
11.111406326293945
10.956364631652832
12.073705673217773
10.067294120788574
9.723316192626953
11.591581344604492
8.97900390625
10.041187286376953
9.99135971069336
8.841567993164062
9.12187671661377
10.181936264038086
11.578885078430176
9.842291831970215
9.529217720031738
10.896703720092773
11.477035522460938
9.054828643798828
10.106139183044434
11.26357364654541
10.700661659240723
11.397700309753418
9.41690731048584
9.685747146606445
9.844630241394043
9.041069030761719
10.84200382232666
8.775284767150879
9.527240753173828
9.51201343536377
11.75330638885498
11.544936180114746
12.034952163696289
12.749692916870117
12.893106460571289
10.744422912597656
10.851512908935547
10.307721138000488
9.303757667541504
8.404311180114746
9.37909984588623
9.91814136505127
9.936020851135254
10.578248977661133
9.228347778320312
9.059783935546875
13.230195999145508
11.98887825012207
8.93771743774414
10.892669677734375
10.190622329711914
8.6707124710083
9.269119262695312
11.59760856628418
10.40298080444336
10.694016456604004
8.920948028564453
10.232067108154297
9.635682106018066
10.590791702270508
9.722247123718262
9.586259841918945
10.62570858001709
8.955582618713379
9.064275741577148
8.670161247253418
9.73753833770752
10.392460823059082
8.326239585876465
10.734779357910156
10.933268547058105
10.434285163879395
8.763504981994629
8.833100318908691
8.997956275939941
11.744619369506836
8.701502799987793
9.397041320800781
9.145746231079102
9.101531982421875
9.187583923339844
8.834846496582031
8.726856231689453
9.86711597442627
10.655879974365234
8.714055061340332
11.109539031982422
11.340563774108887
9.731284141540527
9.269750595092773
10.410945892333984
10.660052299499512
11.330029487609863
10.139436721801758
9.598369598388672
11.756380081176758
9.350000381469727
11.666337966918945
9.213967323303223
10.324546813964844
10.87125301361084
8.797967910766602
11.673543930053711
12.361507415771484
10.378911018371582
12.72359848022461
8.457817077636719
9.187756538391113
9.481823921203613
11.352849006652832
9.772093772888184
10.944077491760254
9.190589904785156
9.740934371948242
11.501969337463379
8.53049087524414
8.663960456848145
10.609691619873047
9.067412376403809
10.368440628051758
10.008113861083984
11.179291725158691
8.825689315795898
9.508315086364746
10.55825138092041
9.35404109954834
9.495087623596191
9.201279640197754
8.923809051513672
12.204201698303223
10.281242370605469
9.496504783630371
8.429264068603516
9.95313549041748
9.480768203735352
10.7710599899292
10.606877326965332
10.203174591064453
7.869017124176025
8.862356185913086
10.710423469543457
9.497580528259277
8.800572395324707
9.11665153503418
9.236451148986816
8.731993675231934
9.117997169494629
11.71455192565918
9.314537048339844
9.004324913024902
9.855491638183594
11.697861671447754
9.041810035705566
10.633590698242188
9.834762573242188
10.072504997253418
13.152177810668945
9.470407485961914
11.375981330871582
8.547126770019531
9.924956321716309
9.980634689331055
12.270172119140625
9.297414779663086
8.22214126586914
10.152512550354004
10.751559257507324
9.83371353149414
12.31186580657959
9.743578910827637
10.365216255187988
9.47139835357666
10.303810119628906
9.805537223815918
11.05576229095459
9.177982330322266
9.900559425354004
9.297325134277344
10.848470687866211
10.819257736206055
13.486649513244629
8.579694747924805
11.888652801513672
9.579465866088867
9.599327087402344
9.186931610107422
9.035843849182129
8.810976028442383
9.413680076599121
9.53370475769043
8.543418884277344
10.790782928466797
8.46634292602539
10.50883674621582
10.412748336791992
9.28574275970459
10.572043418884277
10.839835166931152
12.375875473022461
10.049982070922852
9.785531997680664
9.895651817321777
10.232861518859863
8.888883590698242
11.527056694030762
10.10886001586914
8.480973243713379
10.308547019958496
8.593942642211914
11.427576065063477
8.569146156311035
12.118561744689941
9.1323881149292
8.749811172485352
10.915003776550293
9.816323280334473
8.45914077758789
10.845149993896484
9.292074203491211
9.47439956665039
9.305453300476074
9.92972183227539
9.472542762756348
8.073121070861816
10.388042449951172
11.166105270385742
11.103909492492676
12.739001274108887
11.643254280090332
8.826986312866211
8.94603443145752
9.047409057617188
11.825373649597168
8.580244064331055
10.23838996887207
10.459543228149414
8.601621627807617
8.86385440826416
10.524336814880371
11.0382661819458
12.121349334716797
9.06397819519043
10.921408653259277
9.21971607208252
10.14384937286377
9.001724243164062
10.849786758422852
9.747129440307617
10.538238525390625
10.442103385925293
9.474184036254883
10.24751091003418
9.479938507080078
9.180607795715332
8.543722152709961
8.692745208740234
8.848946571350098
9.761972427368164
8.930508613586426
10.547004699707031
11.279884338378906
9.713287353515625
11.344771385192871
11.906225204467773
10.427894592285156
12.587084770202637
10.789998054504395
11.07108211517334
10.54410171508789
9.519843101501465
10.989537239074707
8.89463996887207
10.02457046508789
8.520552635192871
8.876850128173828
10.791535377502441
10.09390640258789
11.296736717224121
12.213028907775879
11.23002815246582
9.100278854370117
10.950615882873535
10.186838150024414
10.07625961303711
10.589646339416504
9.453777313232422
10.839540481567383
12.23312759399414
11.829826354980469
8.853939056396484
10.311047554016113
10.952834129333496
9.981392860412598
9.155271530151367
9.8234224319458
11.375382423400879
12.28714370727539
9.360869407653809
13.097496032714844
10.36362361907959
9.326223373413086
9.312464714050293
8.480478286743164
9.855116844177246
10.33455753326416
11.808674812316895
12.15261173248291
10.307109832763672
9.261542320251465
9.435037612915039
10.807915687561035
10.696799278259277
11.131711959838867
9.852200508117676
9.350763320922852
9.604950904846191
10.884075164794922
8.427169799804688
10.713263511657715
10.77829360961914
11.641435623168945
11.060665130615234
9.011517524719238
9.61073112487793
10.369807243347168
10.70769214630127
9.49107837677002
8.835349082946777
9.414997100830078
9.45561408996582
8.616042137145996
10.07032585144043
10.35326862335205
9.870434761047363
11.522528648376465
8.558065414428711
10.849963188171387
10.352005004882812
8.818532943725586
10.889094352722168
9.148338317871094
8.502307891845703
8.308473587036133
9.258964538574219
11.82235336303711
10.959183692932129
11.301972389221191
8.597227096557617
10.57247543334961
9.562997817993164
11.220144271850586
8.879193305969238
9.641867637634277
9.228797912597656
10.044748306274414
11.056048393249512
8.466364860534668
9.455073356628418
11.856748580932617
9.307842254638672
8.610457420349121
10.213139533996582
8.624046325683594
9.314276695251465
8.901914596557617
9.100074768066406
10.243913650512695
10.150459289550781
10.839298248291016
10.230504035949707
9.180394172668457
10.567087173461914
9.023405075073242
9.91244888305664
8.7532958984375
9.615331649780273
10.858085632324219
9.17293643951416
9.647936820983887
12.753510475158691
9.832820892333984
11.459627151489258
9.462363243103027
11.892110824584961
11.685417175292969
10.271078109741211
11.226037979125977
9.903632164001465
10.188691139221191
10.536378860473633
9.148445129394531
9.193132400512695
11.811527252197266
9.50857162475586
8.580628395080566
11.423074722290039
11.19295597076416
9.203661918640137
11.843570709228516
11.726051330566406
8.235403060913086
11.686229705810547
8.466877937316895
12.319026947021484
9.231247901916504
9.655522346496582
13.322710037231445
10.259576797485352
9.202457427978516
9.290986061096191
8.294676780700684
8.537126541137695
11.581074714660645
10.903345108032227
8.658180236816406
8.202720642089844
10.65807819366455
8.423151969909668
9.742645263671875
9.065306663513184
8.849724769592285
10.066902160644531
9.360258102416992
9.895606994628906
9.825281143188477
9.185542106628418
10.686166763305664
8.617974281311035
9.448675155639648
9.231494903564453
8.787360191345215
8.907212257385254
8.921993255615234
9.970186233520508
9.296416282653809
10.106788635253906
9.88986873626709
11.800271034240723
9.082633972167969
8.792981147766113
8.794591903686523
9.025609970092773
9.15852165222168
8.705940246582031
9.346012115478516
10.640090942382812
12.407425880432129
9.353487014770508
8.654439926147461
10.199908256530762
9.880322456359863
10.061969757080078
8.002251625061035
8.584086418151855
8.385758399963379
8.788782119750977
10.403145790100098
9.455218315124512
9.08024787902832
11.085184097290039
9.141355514526367
8.817644119262695
10.848219871520996
9.449936866760254
9.302642822265625
9.430249214172363
9.49625015258789
8.853816032409668
10.903037071228027
8.654632568359375
12.05410099029541
9.107354164123535
8.725042343139648
8.803446769714355
8.89311408996582
9.610852241516113
10.740551948547363
10.412430763244629
8.25756549835205
10.996454238891602
9.862746238708496
11.606592178344727
9.368690490722656
11.280730247497559
10.41433048248291
10.59473991394043
10.807781219482422
9.576333999633789
10.205951690673828
8.770030975341797
9.55068302154541
8.651829719543457
10.561772346496582
10.840804100036621
10.39593505859375
9.388937950134277
8.706775665283203
9.925164222717285
10.391983985900879
10.529620170593262
11.027643203735352
9.464224815368652
10.88424015045166
10.574602127075195
8.883615493774414
9.098600387573242
10.373615264892578
10.802105903625488
10.675561904907227
9.163701057434082
10.086540222167969
8.5958890914917
9.927410125732422
10.787558555603027
8.444372177124023
9.551557540893555
8.721305847167969
10.930438995361328
9.238040924072266
8.526263236999512
8.617835998535156
9.40830135345459
11.075349807739258
9.760530471801758
9.485454559326172
9.928165435791016
10.210381507873535
11.345259666442871
9.000213623046875
10.242952346801758
9.70483684539795
9.904340744018555
9.723211288452148
11.207047462463379
10.68869686126709
8.798730850219727
9.496038436889648
9.118907928466797
9.648200035095215
9.665021896362305
12.634464263916016
10.478081703186035
9.691137313842773
8.497005462646484
9.9801025390625
12.102739334106445
12.504565238952637
10.19324779510498
11.537338256835938
10.567156791687012
